PAX,19941108,14.67,15.00,12.33,13.50,45800
PAX,19941109,14.00,14.00,12.33,12.67,20400
PAX,19941110,12.33,13.00,11.33,11.33,6700
PAX,19941111,11.33,12.67,11.33,11.33,4400
PAX,19941114,10.67,12.50,10.67,10.67,13300
PAX,19941115,10.67,11.83,10.67,10.67,5900
PAX,19941116,11.67,12.00,11.00,11.33,24400
PAX,19941117,12.00,14.00,11.67,12.75,36500
PAX,19941118,12.00,16.00,12.00,16.00,20800
PAX,19941121,16.00,16.00,14.00,14.00,20600
PAX,19941122,14.00,14.67,13.33,13.33,5700
PAX,19941123,13.33,14.00,12.00,12.67,1900
PAX,19941125,12.00,14.00,12.00,13.00,600
PAX,19941128,12.00,14.00,12.00,14.00,500
PAX,19941129,14.00,14.00,14.00,14.00,500
PAX,19941130,14.00,14.00,14.00,14.00,300
PAX,19941201,14.00,14.00,12.00,13.33,3700
PAX,19941202,11.50,11.50,11.33,11.33,700
PAX,19941205,11.33,11.33,11.33,11.33,200
PAX,19941206,13.00,13.00,11.67,11.67,1300
PAX,19941207,13.50,13.50,11.67,12.33,900
PAX,19941208,11.67,11.67,11.67,11.67,400
PAX,19941209,11.75,12.00,11.75,12.00,2300
PAX,19941212,11.67,11.67,11.67,11.67,800
PAX,19941213,11.67,11.67,11.67,11.67,1300
PAX,19941214,12.00,13.33,11.67,11.67,700
PAX,19941215,11.67,11.67,11.67,11.67,200
PAX,19941216,12.33,12.33,11.67,11.67,2500
PAX,19941219,11.67,11.67,11.67,11.67,500
PAX,19941221,11.67,12.00,11.67,12.00,3900
PAX,19941222,13.33,13.33,11.67,11.67,3800
PAX,19941223,13.33,13.33,12.00,12.25,2600
PAX,19941227,13.33,13.33,12.00,13.00,2400
PAX,19941228,11.83,12.50,11.67,11.67,800
PAX,19941229,13.33,13.33,11.67,11.67,4900
PAX,19941230,13.33,13.33,11.67,11.67,700
PAX,19950103,11.67,12.67,11.67,12.67,2100
PAX,19950104,11.67,12.08,11.67,11.67,3500
PAX,19950105,13.33,13.33,12.00,12.00,1200
PAX,19950106,11.33,11.33,11.33,11.33,1900
PAX,19950109,12.33,12.33,11.00,11.83,5600
PAX,19950110,11.33,11.33,11.33,11.33,400
PAX,19950111,10.00,11.33,10.00,10.58,1600
PAX,19950112,10.00,10.67,10.00,10.02,2600
PAX,19950113,10.67,10.67,10.67,10.67,1000
PAX,19950116,10.67,10.67,9.50,9.50,2000
PAX,19950117,10.17,10.17,9.92,10.17,5000
PAX,19950118,9.83,10.17,9.83,10.00,2200
PAX,19950119,10.00,10.00,9.33,9.33,500
PAX,19950120,10.17,10.17,10.17,10.17,400
PAX,19950123,10.17,10.17,10.00,10.17,2500
PAX,19950124,11.00,11.00,9.50,9.50,2100
PAX,19950125,10.50,10.50,9.00,10.50,3400
PAX,19950126,10.50,10.50,9.00,9.00,6900
PAX,19950127,10.25,10.25,9.00,9.50,2600
PAX,19950130,9.00,9.50,9.00,9.50,1400
PAX,19950131,9.00,9.75,9.00,9.12,3300
PAX,19950201,9.00,10.00,9.00,9.00,5900
PAX,19950202,10.00,10.00,9.25,10.00,600
PAX,19950203,10.00,10.00,9.25,9.50,2300
PAX,19950207,9.88,10.25,9.25,9.88,10500
PAX,19950208,9.25,9.25,9.25,9.25,800
PAX,19950209,9.25,9.88,9.25,9.88,1200
PAX,19950210,10.25,10.25,10.25,10.25,1100
PAX,19950213,10.25,10.25,10.25,10.25,400
PAX,19950214,9.75,9.75,9.75,9.75,300
PAX,19950216,10.25,10.25,10.25,10.25,100
PAX,19950221,10.25,10.75,10.25,10.75,5900
PAX,19950222,9.50,10.12,9.50,10.00,3000
PAX,19950223,10.75,11.00,10.00,10.50,19700
PAX,19950224,11.00,11.00,11.00,11.00,200
PAX,19950227,11.00,11.00,10.25,10.25,1100
PAX,19950228,11.00,11.00,10.12,10.75,3900
PAX,19950301,11.00,11.00,10.50,10.50,1000
PAX,19950302,11.00,11.00,10.75,10.75,2900
PAX,19950303,10.62,10.62,10.25,10.25,2600
PAX,19950306,10.62,11.25,10.62,10.75,6400
PAX,19950310,12.00,12.00,10.50,10.50,12200
PAX,19950313,10.50,10.50,10.50,10.50,6600
PAX,19950314,10.50,11.00,10.00,10.00,14800
PAX,19950315,10.00,10.75,10.00,10.00,3300
PAX,19950316,10.50,11.00,10.00,10.75,59400
PAX,19950317,10.00,11.25,10.00,11.25,6800
PAX,19950320,11.00,11.25,10.00,10.00,4500
PAX,19950322,11.25,11.25,10.75,10.75,700
PAX,19950323,10.25,10.25,10.25,10.25,100
PAX,19950327,11.25,11.25,10.25,10.25,1900
PAX,19950328,10.25,10.75,10.25,10.75,5400
PAX,19950330,10.25,10.25,10.25,10.25,200
PAX,19950331,11.25,11.50,10.25,11.50,2800
PAX,19950403,11.50,11.50,10.25,11.50,900
PAX,19950406,11.00,11.25,11.00,11.25,1700
PAX,19950407,10.25,11.00,10.25,11.00,1000
PAX,19950410,10.50,10.50,10.50,10.50,500
PAX,19950411,10.75,10.75,10.50,10.75,1400
PAX,19950412,10.25,10.75,10.25,10.75,1500
PAX,19950413,10.25,10.75,10.25,10.75,900
PAX,19950417,11.00,11.25,11.00,11.25,500
PAX,19950418,10.25,10.25,10.25,10.25,400
PAX,19950419,11.25,11.25,10.75,10.75,1000
PAX,19950420,10.25,11.25,10.25,11.25,1000
PAX,19950421,11.25,11.25,10.00,10.50,3200
PAX,19950424,11.00,11.00,10.25,10.25,700
PAX,19950425,10.00,11.00,10.00,10.50,7300
PAX,19950426,11.00,11.00,10.50,10.50,700
PAX,19950427,10.25,10.25,10.25,10.25,300
PAX,19950428,10.25,10.25,10.25,10.25,6500
PAX,19950501,10.25,10.50,10.25,10.50,3800
PAX,19950502,10.25,10.25,10.25,10.25,300
PAX,19950503,10.25,10.25,10.25,10.25,500
PAX,19950504,10.25,10.25,10.25,10.25,300
PAX,19950505,10.25,10.75,9.50,10.75,9900
PAX,19950508,9.00,10.75,9.00,10.75,1400
PAX,19950509,10.75,10.75,10.75,10.75,100
PAX,19950511,10.75,10.75,10.75,10.75,400
PAX,19950512,9.88,9.88,9.88,9.88,10000
PAX,19950515,10.25,10.25,10.25,10.25,1100
PAX,19950516,9.25,10.50,8.75,9.00,8800
PAX,19950517,9.00,10.00,8.75,8.75,5000
PAX,19950518,10.25,10.25,10.25,10.25,300
PAX,19950519,8.50,9.25,8.50,9.25,1100
PAX,19950522,9.50,9.50,9.50,9.50,100
PAX,19950523,10.00,10.00,10.00,10.00,100
PAX,19950524,8.50,8.50,8.50,8.50,1000
PAX,19950525,8.50,9.00,8.50,8.50,1000
PAX,19950526,8.75,8.75,8.75,8.75,200
PAX,19950530,8.50,9.00,8.50,9.00,2200
PAX,19950601,9.50,9.50,9.00,9.00,600
PAX,19950602,10.00,10.00,8.00,8.00,1500
PAX,19950605,8.00,9.00,8.00,8.75,7200
PAX,19950606,9.00,9.50,9.00,9.50,1300
PAX,19950609,8.50,8.50,8.50,8.50,100
PAX,19950613,10.00,10.00,9.00,9.00,500
PAX,19950615,8.50,8.50,8.50,8.50,100
PAX,19950616,8.50,10.00,8.50,10.00,1000
PAX,19950620,10.00,10.00,10.00,10.00,500
PAX,19950621,10.00,10.00,8.50,8.50,2000
PAX,19950622,9.75,9.75,9.50,9.50,2300
PAX,19950623,10.00,10.00,8.50,9.00,2200
PAX,19950627,9.75,10.00,8.50,8.50,900
PAX,19950628,10.00,10.00,10.00,10.00,600
PAX,19950629,9.25,10.38,9.25,10.25,9300
PAX,19950630,10.25,14.00,10.25,14.00,38100
PAX,19950703,13.25,15.50,13.25,14.25,21900
PAX,19950705,14.25,14.75,13.75,14.25,48500
PAX,19950706,13.50,14.25,13.50,13.50,53500
PAX,19950707,14.25,15.00,13.50,14.00,21500
PAX,19950710,14.12,14.12,13.75,14.00,23900
PAX,19950711,14.12,15.50,14.12,15.00,27900
PAX,19950712,15.12,16.00,15.12,15.75,11800
PAX,19950713,15.75,16.50,15.38,15.50,29700
PAX,19950714,15.25,15.75,15.00,15.75,4700
PAX,19950717,15.62,15.75,15.12,15.75,11600
PAX,19950718,15.38,15.38,15.00,15.25,14600
PAX,19950719,15.12,15.12,14.88,14.88,3700
PAX,19950720,14.75,14.88,14.25,14.25,15600
PAX,19950721,14.25,14.25,14.00,14.00,7100
PAX,19950724,13.62,13.88,13.62,13.88,3900
PAX,19950725,13.75,13.75,13.50,13.50,900
PAX,19950726,13.62,13.62,13.62,13.62,400
PAX,19950727,13.38,13.38,13.00,13.00,7300
PAX,19950728,13.00,13.00,12.00,12.38,7900
PAX,19950731,12.50,12.50,12.00,12.00,2900
PAX,19950801,12.00,12.38,12.00,12.38,1600
PAX,19950802,12.50,12.75,12.25,12.62,90600
PAX,19950803,12.75,14.38,12.75,14.38,16600
PAX,19950804,14.50,14.75,14.12,14.75,7200
PAX,19950807,15.00,15.12,14.75,14.75,6200
PAX,19950808,14.88,15.00,14.38,14.50,3100
PAX,19950809,14.38,14.50,14.38,14.50,900
PAX,19950810,14.62,14.75,14.12,14.12,4500
PAX,19950811,14.00,14.00,13.88,13.88,1700
PAX,19950814,13.62,13.62,13.62,13.62,100
PAX,19950815,13.88,13.88,13.88,13.88,400
PAX,19950816,13.88,13.88,13.25,13.25,3500
PAX,19950817,13.25,14.50,13.25,14.50,9300
PAX,19950818,14.50,15.12,14.50,15.12,9200
PAX,19950821,15.25,15.50,15.00,15.00,8100
PAX,19950822,15.00,15.00,15.00,15.00,300
PAX,19950823,15.00,15.00,14.50,14.50,6900
PAX,19950824,14.62,14.62,14.38,14.38,300
PAX,19950825,14.50,14.62,14.50,14.62,2500
PAX,19950828,14.88,15.00,14.50,14.50,12500
PAX,19950829,14.75,14.88,14.75,14.88,1500
PAX,19950830,14.88,14.88,14.50,14.75,2900
PAX,19950831,14.62,14.75,14.62,14.75,2200
PAX,19950901,14.88,15.12,14.88,15.00,6000
PAX,19950905,15.00,15.00,15.00,15.00,300
PAX,19950906,15.00,15.00,14.12,14.12,8500
PAX,19950907,14.00,14.50,14.00,14.38,6200
PAX,19950908,14.25,14.75,14.12,14.75,5500
PAX,19950911,14.88,14.88,14.75,14.75,3200
PAX,19950912,14.62,14.62,14.50,14.62,8300
PAX,19950913,14.75,14.75,14.62,14.62,1900
PAX,19950914,14.62,15.00,14.50,15.00,7000
PAX,19950915,15.00,15.00,14.75,15.00,8700
PAX,19950918,14.75,14.75,14.62,14.62,4700
PAX,19950919,14.75,14.75,14.50,14.75,4700
PAX,19950920,14.75,14.75,14.38,14.50,9700
PAX,19950921,14.38,14.62,14.12,14.12,8300
PAX,19950922,14.38,14.50,14.38,14.50,1000
PAX,19950925,14.50,14.50,14.12,14.12,3200
PAX,19950926,14.12,14.12,14.00,14.00,1600
PAX,19950927,14.25,14.25,14.25,14.25,100
PAX,19950928,14.38,14.38,14.25,14.38,1200
PAX,19950929,14.25,14.62,14.25,14.62,1500
PAX,19951002,14.50,14.50,14.25,14.38,3300
PAX,19951003,14.12,14.38,14.12,14.12,800
PAX,19951004,14.00,14.00,14.00,14.00,2200
PAX,19951005,14.12,14.12,13.75,13.75,4300
PAX,19951006,13.75,13.75,13.50,13.50,600
PAX,19951009,13.62,13.75,13.62,13.62,3300
PAX,19951010,13.62,13.75,13.38,13.38,9400
PAX,19951011,13.62,13.75,13.00,13.00,4900
PAX,19951012,13.25,13.25,12.75,12.88,3500
PAX,19951013,12.75,12.88,12.62,12.75,2100
PAX,19951017,12.50,12.50,12.50,12.50,1000
PAX,19951018,12.75,13.00,12.75,13.00,2600
PAX,19951019,13.12,13.12,12.75,12.75,3400
PAX,19951020,13.00,13.00,13.00,13.00,1200
PAX,19951023,12.75,12.75,12.75,12.75,200
PAX,19951024,12.88,12.88,12.88,12.88,100
PAX,19951025,13.00,13.12,12.75,13.00,3800
PAX,19951026,12.88,12.88,12.75,12.75,300
PAX,19951027,12.62,12.62,12.50,12.50,1800
PAX,19951030,12.62,12.62,12.62,12.62,100
PAX,19951031,12.50,12.50,12.25,12.25,11200
PAX,19951101,12.00,12.12,12.00,12.12,3200
PAX,19951102,12.00,12.00,11.88,11.88,1000
PAX,19951103,11.75,11.88,11.75,11.88,5500
PAX,19951106,11.88,12.62,11.88,12.38,8600
PAX,19951107,12.50,12.50,12.50,12.50,200
PAX,19951108,12.25,12.38,12.25,12.25,1200
PAX,19951109,12.25,12.25,12.00,12.00,400
PAX,19951110,12.00,12.25,12.00,12.25,1000
PAX,19951113,12.00,12.00,11.88,12.00,2200
PAX,19951114,11.75,11.75,11.75,11.75,1000
PAX,19951115,11.88,11.88,11.88,11.88,100
PAX,19951116,11.75,11.75,11.50,11.50,4700
PAX,19951117,11.25,11.62,11.25,11.62,2300
PAX,19951120,11.88,13.12,11.88,13.12,9900
PAX,19951121,13.00,13.50,13.00,13.38,4600
PAX,19951122,13.50,13.62,13.38,13.38,4900
PAX,19951124,13.62,13.62,13.62,13.62,1000
PAX,19951127,13.75,14.25,13.75,14.00,8500
PAX,19951128,14.00,14.00,13.88,13.88,400
PAX,19951129,13.62,13.88,13.38,13.88,4200
PAX,19951130,13.88,14.50,13.88,14.50,23300
PAX,19951201,14.50,15.00,14.50,14.88,4200
PAX,19951204,15.00,15.25,15.00,15.25,6600
PAX,19951205,15.50,15.88,15.50,15.88,7200
PAX,19951206,16.00,16.00,15.75,16.00,6200
PAX,19951207,16.25,16.62,16.12,16.38,10400
PAX,19951208,16.12,16.12,15.50,15.75,6400
PAX,19951211,15.62,15.62,15.50,15.50,600
PAX,19951212,15.50,15.50,15.12,15.25,1500
PAX,19951213,15.62,15.62,15.00,15.00,10100
PAX,19951214,15.00,15.00,14.75,14.75,10300
PAX,19951215,15.50,16.00,15.38,15.62,9500
PAX,19951218,15.62,15.62,15.25,15.38,5000
PAX,19951219,15.12,15.12,14.62,14.62,7600
PAX,19951220,14.75,16.00,14.75,16.00,16900
PAX,19951221,15.88,15.88,15.50,15.88,5200
PAX,19951222,16.00,16.38,15.38,15.38,12100
PAX,19951226,15.50,15.50,15.12,15.50,4800
PAX,19951227,15.50,15.50,15.12,15.12,3200
PAX,19951228,15.38,15.62,15.38,15.50,2200
PAX,19951229,15.62,15.75,15.25,15.25,900
PAX,19960102,15.25,15.50,15.25,15.50,1200
PAX,19960103,15.25,15.25,14.88,14.88,1600
PAX,19960104,14.75,14.75,14.50,14.50,3100
PAX,19960105,14.62,14.88,14.50,14.88,4700
PAX,19960108,14.62,14.62,14.38,14.38,2000
PAX,19960109,14.12,14.38,13.75,14.12,5000
PAX,19960110,13.88,14.88,13.75,14.88,6100
PAX,19960111,15.12,15.75,15.12,15.75,4800
PAX,19960112,15.50,15.50,15.12,15.12,3600
PAX,19960115,15.00,15.12,15.00,15.00,6000
PAX,19960116,15.12,15.62,15.12,15.62,5400
PAX,19960117,15.75,16.00,15.75,15.75,4400
PAX,19960118,16.00,16.00,15.50,15.62,2400
PAX,19960119,15.88,15.88,15.50,15.50,1600
PAX,19960122,15.38,15.62,15.38,15.62,1000
PAX,19960123,15.38,15.50,15.25,15.38,2000
PAX,19960124,15.62,15.62,15.25,15.25,1900
PAX,19960125,15.12,15.12,14.75,14.75,4100
PAX,19960126,14.88,15.00,14.50,14.50,2700
PAX,19960129,14.38,14.50,13.75,14.50,5900
PAX,19960130,14.62,15.25,14.62,14.75,8900
PAX,19960131,14.75,15.00,14.75,15.00,1600
PAX,19960201,15.25,16.00,15.25,16.00,6200
PAX,19960202,16.00,16.50,16.00,16.12,10100
PAX,19960205,16.00,16.12,15.12,15.38,16300
PAX,19960206,15.12,15.38,14.88,15.00,2800
PAX,19960207,15.12,15.12,15.00,15.00,2200
PAX,19960208,15.12,15.25,15.00,15.00,3100
PAX,19960209,14.88,15.00,14.75,14.75,2400
PAX,19960212,14.88,14.88,14.62,14.62,1100
PAX,19960213,14.50,14.50,14.38,14.38,2500
PAX,19960214,14.25,14.25,14.25,14.25,1200
PAX,19960215,14.38,14.50,14.00,14.00,4800
PAX,19960216,13.62,13.88,13.62,13.88,4800
PAX,19960220,13.88,14.25,13.88,14.25,2000
PAX,19960221,14.25,14.62,14.25,14.50,1900
PAX,19960222,14.38,14.62,14.38,14.62,7100
PAX,19960223,14.75,18.38,14.75,18.38,47800
PAX,19960226,18.38,19.88,18.00,19.12,55800
PAX,19960227,19.38,21.00,18.88,21.00,36500
PAX,19960228,21.75,22.12,21.12,21.25,25800
PAX,19960229,21.25,21.25,19.75,20.00,15200
PAX,19960301,19.75,19.75,19.00,19.50,13500
PAX,19960304,19.62,19.75,18.88,18.88,4200
PAX,19960305,18.75,18.75,18.38,18.50,6200
PAX,19960306,18.62,19.38,18.62,19.38,9900
PAX,19960307,19.25,20.12,19.25,20.12,7700
PAX,19960308,20.00,20.50,19.75,19.75,21800
PAX,19960311,19.62,20.25,19.50,20.25,8000
PAX,19960312,20.12,20.25,20.00,20.25,9700
PAX,19960313,20.25,20.25,19.88,20.00,4800
PAX,19960314,20.00,20.25,20.00,20.12,14700
PAX,19960315,19.75,19.88,19.62,19.62,4200
PAX,19960318,19.88,20.00,19.62,19.62,2900
PAX,19960319,19.50,19.50,19.50,19.50,1500
PAX,19960320,19.25,19.62,19.25,19.62,24200
PAX,19960321,19.62,19.62,19.50,19.50,7600
PAX,19960322,19.50,19.62,18.50,18.62,14300
PAX,19960325,18.62,18.62,18.38,18.38,9800
PAX,19960326,18.50,18.50,18.25,18.25,5200
PAX,19960327,18.25,18.88,18.25,18.88,39600
PAX,19960328,18.88,18.88,17.50,17.62,74100
PAX,19960329,16.00,16.12,15.38,15.62,4331600
PAX,19960401,15.62,15.75,15.38,15.38,261300
PAX,19960402,15.50,15.50,15.12,15.25,187900
PAX,19960403,15.50,15.50,15.25,15.38,407200
PAX,19960404,15.50,15.50,14.00,14.38,339600
PAX,19960408,14.00,14.75,13.75,14.75,214100
PAX,19960409,14.75,15.00,14.38,14.75,218900
PAX,19960410,14.62,15.25,14.50,14.75,255800
PAX,19960411,15.00,15.50,14.75,15.00,381100
PAX,19960412,15.12,15.25,15.00,15.00,157000
PAX,19960415,14.88,14.88,14.25,14.50,89900
PAX,19960416,14.62,15.25,14.50,14.75,161200
PAX,19960417,15.12,15.12,14.75,14.88,99700
PAX,19960418,15.12,15.12,14.75,14.88,105800
PAX,19960419,14.75,14.88,14.50,14.88,47500
PAX,19960422,14.88,15.12,14.50,14.75,174500
PAX,19960423,15.00,15.25,14.88,15.00,305900
PAX,19960424,15.00,15.25,14.88,15.12,80000
PAX,19960425,15.25,15.62,15.00,15.25,82500
PAX,19960426,15.12,15.50,15.12,15.25,67200
PAX,19960429,15.12,15.25,15.00,15.00,55400
PAX,19960430,15.25,15.25,14.75,14.88,62400
PAX,19960501,14.88,15.25,14.88,15.12,90500
PAX,19960502,14.88,15.25,14.88,14.88,36700
PAX,19960503,15.12,15.25,14.50,14.62,74500
PAX,19960506,14.62,14.62,14.25,14.50,63200
PAX,19960507,14.75,14.75,14.38,14.50,80400
PAX,19960508,14.38,14.50,13.75,14.50,82300
PAX,19960509,14.38,14.38,14.00,14.00,49800
PAX,19960510,14.38,14.62,14.00,14.25,65300
PAX,19960513,14.38,14.38,14.00,14.00,134800
PAX,19960514,14.12,14.25,13.00,13.25,242500
PAX,19960515,13.25,13.50,12.75,12.75,284000
PAX,19960516,12.75,13.25,12.12,12.62,122200
PAX,19960517,12.88,13.50,12.88,13.12,354000
PAX,19960520,13.38,13.38,12.88,13.25,144300
PAX,19960521,13.25,13.25,12.75,12.88,45200
PAX,19960522,12.75,13.00,12.75,12.75,70500
PAX,19960523,12.88,13.25,12.75,12.75,152400
PAX,19960524,12.88,12.88,12.38,12.50,90500
PAX,19960528,12.75,12.75,12.38,12.50,48200
PAX,19960529,12.50,12.50,11.75,12.00,152400
PAX,19960530,12.38,12.38,12.00,12.38,213900
PAX,19960531,12.38,12.75,12.00,12.75,86600
PAX,19960603,12.62,12.62,12.00,12.25,45400
PAX,19960604,12.38,12.62,12.38,12.38,85300
PAX,19960605,12.38,13.12,12.38,13.12,122200
PAX,19960606,13.12,13.62,13.12,13.25,150800
PAX,19960607,13.12,13.25,12.75,12.88,56000
PAX,19960610,13.00,13.62,13.00,13.50,36600
PAX,19960611,13.50,13.62,13.12,13.50,32700
PAX,19960612,13.62,14.00,13.50,14.00,61100
PAX,19960613,13.88,13.88,13.50,13.62,22700
PAX,19960614,13.62,13.75,13.00,13.38,222900
PAX,19960617,13.38,13.38,12.50,13.00,37600
PAX,19960618,12.75,13.00,12.50,12.50,24800
PAX,19960619,12.50,12.75,12.38,12.38,22200
PAX,19960620,12.50,12.88,11.88,12.00,110800
PAX,19960621,12.12,12.25,11.75,12.00,64100
PAX,19960624,11.88,12.12,11.75,11.88,27700
PAX,19960625,12.00,12.25,11.75,11.88,40900
PAX,19960626,12.00,12.00,11.00,11.25,94800
PAX,19960627,11.50,11.50,10.12,11.00,111200
PAX,19960628,11.00,11.12,10.50,10.62,253900
PAX,19960701,10.75,11.50,10.75,11.50,48900
PAX,19960702,11.62,11.88,11.12,11.25,79100
PAX,19960703,11.38,11.50,11.00,11.25,24800
PAX,19960705,11.12,11.38,10.88,11.38,8300
PAX,19960708,11.12,11.12,10.50,10.50,35700
PAX,19960709,10.62,11.50,10.62,11.50,41100
PAX,19960710,11.50,11.88,11.38,11.88,37700
PAX,19960711,11.88,11.88,10.75,11.12,71900
PAX,19960712,11.38,11.50,11.00,11.25,38900
PAX,19960715,11.50,11.88,10.50,10.75,49700
PAX,19960716,10.50,10.88,9.50,10.88,67800
PAX,19960717,11.00,11.38,10.75,10.88,91600
PAX,19960718,10.75,10.75,10.25,10.62,58500
PAX,19960719,10.75,10.75,10.50,10.50,28500
PAX,19960722,10.75,10.75,10.38,10.75,23400
PAX,19960723,10.62,10.75,10.00,10.12,30700
PAX,19960724,9.75,10.12,9.62,10.12,34800
PAX,19960725,10.38,10.38,10.00,10.00,27800
PAX,19960726,10.12,10.25,9.88,10.00,28200
PAX,19960729,10.00,10.00,9.75,9.88,21700
PAX,19960730,10.00,10.00,9.50,9.75,48200
PAX,19960731,9.75,9.75,9.50,9.69,33000
PAX,19960801,9.75,10.50,9.62,10.25,43100
PAX,19960802,10.38,10.38,9.88,10.00,26800
PAX,19960805,9.88,10.00,9.88,9.88,56600
PAX,19960806,9.88,11.38,9.88,11.25,172800
PAX,19960807,11.38,12.12,11.38,11.88,127100
PAX,19960808,12.25,12.38,11.62,11.62,66400
PAX,19960809,11.88,12.25,11.50,11.62,37400
PAX,19960812,11.62,12.12,11.50,12.12,69700
PAX,19960813,12.38,12.88,12.25,12.50,123600
PAX,19960814,12.50,13.00,12.12,13.00,59000
PAX,19960815,13.00,13.00,12.50,12.75,68400
PAX,19960816,12.75,12.88,11.88,12.00,31800
PAX,19960819,12.00,12.25,11.75,11.75,22600
PAX,19960820,11.88,12.12,11.75,12.00,14500
PAX,19960821,11.75,11.88,11.38,11.62,15100
PAX,19960822,11.75,11.75,11.12,11.25,39600
PAX,19960823,11.25,11.25,10.75,10.88,23600
PAX,19960826,11.00,11.00,10.50,11.00,46500
PAX,19960827,11.12,11.12,10.88,11.00,22800
PAX,19960828,11.00,11.12,10.88,11.00,19300
PAX,19960829,10.75,10.75,10.12,10.62,106700
PAX,19960830,10.62,10.75,10.25,10.50,26400
PAX,19960903,10.25,11.00,9.75,11.00,73100
PAX,19960904,11.00,11.00,10.62,10.88,21100
PAX,19960905,10.62,10.75,10.62,10.62,10400
PAX,19960906,10.75,10.88,10.50,10.62,29800
PAX,19960909,10.75,10.75,10.38,10.62,39900
PAX,19960910,10.62,10.88,10.62,10.88,361100
PAX,19960911,10.88,10.88,10.50,10.75,68300
PAX,19960912,10.62,10.88,10.50,10.75,22300
PAX,19960913,10.75,10.88,10.62,10.62,64800
PAX,19960916,10.75,10.75,10.19,10.50,43100
PAX,19960917,10.62,11.25,10.62,10.75,182200
PAX,19960918,10.88,11.50,10.62,11.38,220600
PAX,19960919,11.38,11.38,11.00,11.12,79500
PAX,19960920,11.25,11.25,10.88,11.00,56200
PAX,19960923,10.88,11.25,10.75,11.25,171400
PAX,19960924,11.12,11.75,11.12,11.50,131300
PAX,19960925,11.50,11.50,11.25,11.25,57400
PAX,19960926,11.50,11.75,11.38,11.75,120400
PAX,19960927,11.75,11.75,11.38,11.50,103500
PAX,19960930,11.50,11.50,11.12,11.25,85700
PAX,19961001,11.12,11.38,11.00,11.12,212000
PAX,19961002,10.88,11.12,10.88,11.00,193900
PAX,19961003,11.00,11.00,10.88,11.00,51500
PAX,19961004,11.00,11.00,10.62,10.75,25900
PAX,19961007,10.88,10.88,10.50,10.75,30600
PAX,19961008,10.50,10.50,8.75,9.12,1738000
PAX,19961009,9.00,9.12,8.38,8.88,539000
PAX,19961010,8.88,9.50,8.75,9.19,177600
PAX,19961011,9.44,9.50,9.25,9.38,86200
PAX,19961014,9.62,9.81,9.50,9.62,71000
PAX,19961015,9.50,9.62,9.06,9.25,119500
PAX,19961016,9.25,9.25,8.88,8.94,66900
PAX,19961017,9.00,9.00,8.62,8.69,154700
PAX,19961018,8.81,8.88,8.56,8.62,64600
PAX,19961021,8.94,9.00,8.75,8.81,87400
PAX,19961022,8.81,9.19,8.81,9.19,213700
PAX,19961023,9.06,9.19,8.81,9.00,53600
PAX,19961024,8.88,9.00,8.88,9.00,92500
PAX,19961025,8.94,9.00,8.62,8.94,41200
PAX,19961028,8.88,9.00,8.75,8.88,78600
PAX,19961029,8.88,9.00,8.75,8.81,46700
PAX,19961030,8.69,8.75,8.38,8.69,31400
PAX,19961031,8.69,8.88,8.38,8.88,83900
PAX,19961101,9.00,9.12,8.50,8.75,24700
PAX,19961104,8.75,8.94,8.12,8.25,56000
PAX,19961105,8.38,8.44,8.12,8.31,30400
PAX,19961106,8.25,8.50,7.88,7.94,106700
PAX,19961107,8.00,8.38,8.00,8.19,375800
PAX,19961108,8.19,8.19,8.00,8.12,93300
PAX,19961111,8.00,8.00,7.75,8.00,35300
PAX,19961112,7.88,8.00,7.81,7.88,109600
PAX,19961113,8.00,8.12,7.75,7.81,51100
PAX,19961114,7.75,8.00,7.75,7.88,49100
PAX,19961115,7.94,8.00,7.75,7.81,59000
PAX,19961118,7.56,7.75,7.56,7.75,48400
PAX,19961119,7.81,7.88,7.38,7.50,68700
PAX,19961120,7.25,7.31,6.75,7.31,298800
PAX,19961121,7.38,7.75,7.25,7.38,126700
PAX,19961122,7.62,7.62,7.38,7.62,34400
PAX,19961125,7.50,7.88,7.38,7.62,176400
PAX,19961126,7.50,7.69,7.12,7.38,55800
PAX,19961127,7.50,7.50,6.75,6.81,2780500
PAX,19961129,6.88,6.94,6.75,6.88,90400
PAX,19961202,6.88,6.94,6.75,6.94,290400
PAX,19961203,6.88,6.94,6.62,6.62,135100
PAX,19961204,6.75,6.88,6.62,6.75,226600
PAX,19961205,6.75,7.88,6.69,7.81,586600
PAX,19961206,7.44,8.25,7.25,8.25,218800
PAX,19961209,8.25,9.00,8.25,8.50,231900
PAX,19961210,8.50,8.62,8.12,8.25,137900
PAX,19961211,8.12,8.12,7.62,7.88,152700
PAX,19961212,8.00,8.00,7.56,7.75,43500
PAX,19961213,7.75,7.75,7.38,7.56,80600
PAX,19961216,7.56,8.50,7.56,8.38,246300
PAX,19961217,8.50,8.62,8.25,8.56,139800
PAX,19961218,8.62,8.69,8.25,8.38,128200
PAX,19961219,8.38,8.50,8.12,8.31,89500
PAX,19961220,8.31,8.69,8.06,8.50,362900
PAX,19961223,8.56,8.56,8.12,8.38,126900
PAX,19961224,8.25,8.50,8.12,8.25,245600
PAX,19961226,8.38,8.38,8.00,8.12,98500
PAX,19961227,8.25,8.25,7.88,7.88,46600
PAX,19961230,7.62,8.00,7.62,7.75,150300
PAX,19961231,7.75,8.00,7.75,7.75,154500
PAX,19970102,8.00,8.50,8.00,8.19,162100
PAX,19970103,8.25,8.38,8.25,8.25,26900
PAX,19970106,8.38,8.75,8.31,8.75,167000
PAX,19970107,9.00,9.00,8.69,8.88,88700
PAX,19970108,8.94,9.50,8.81,9.12,336900
PAX,19970109,8.88,9.25,8.88,9.25,152100
PAX,19970110,9.00,9.38,8.88,9.00,148600
PAX,19970113,9.12,9.12,8.81,9.00,63400
PAX,19970114,9.12,9.25,8.88,9.00,77500
PAX,19970115,9.00,9.00,8.62,9.00,127000
PAX,19970116,8.94,8.94,8.75,8.88,25600
PAX,19970117,8.88,8.94,8.75,8.94,116400
PAX,19970120,8.69,9.00,8.69,9.00,86900
PAX,19970121,9.00,9.00,8.88,9.00,45600
PAX,19970122,9.06,9.25,9.06,9.19,140100
PAX,19970123,9.12,9.19,8.56,8.62,163900
PAX,19970124,8.56,8.88,8.56,8.62,117100
PAX,19970127,9.00,9.00,8.88,8.94,93800
PAX,19970128,9.00,9.31,8.88,9.19,183500
PAX,19970129,9.19,9.25,9.06,9.12,39300
PAX,19970130,9.25,9.25,9.06,9.06,46700
PAX,19970131,9.06,9.12,8.75,8.75,80600
PAX,19970203,8.69,9.00,8.69,8.75,35600
PAX,19970204,8.75,8.88,8.62,8.69,37700
PAX,19970205,8.81,8.81,8.50,8.56,34300
PAX,19970206,8.69,8.75,8.25,8.25,50300
PAX,19970207,8.50,8.56,7.88,7.94,55400
PAX,19970210,8.06,8.62,7.94,8.00,118800
PAX,19970211,8.25,8.38,8.00,8.25,69100
PAX,19970212,8.25,8.25,8.00,8.25,58500
PAX,19970213,8.25,9.00,8.12,8.75,223200
PAX,19970214,8.88,8.88,8.38,8.38,109600
PAX,19970218,8.50,8.88,8.38,8.50,179300
PAX,19970219,8.50,10.25,8.50,10.00,369700
PAX,19970220,9.88,10.00,9.00,9.69,306900
PAX,19970221,9.69,9.75,9.25,9.38,167700
PAX,19970224,9.38,9.50,9.25,9.25,87500
PAX,19970225,9.25,9.44,9.02,9.19,186400
PAX,19970226,9.12,9.19,9.00,9.12,92500
PAX,19970227,9.12,9.12,8.88,8.88,64100
PAX,19970228,8.62,8.88,8.62,8.88,79000
PAX,19970303,8.75,9.00,8.75,8.88,65400
PAX,19970304,8.94,9.00,8.50,8.50,74200
PAX,19970305,8.75,8.81,8.62,8.62,89600
PAX,19970306,8.75,8.81,8.62,8.75,78700
PAX,19970307,8.81,8.88,8.69,8.69,77400
PAX,19970310,8.94,9.00,8.62,8.75,137800
PAX,19970311,8.88,9.25,8.81,9.19,224300
PAX,19970312,9.38,10.00,9.25,9.50,401600
PAX,19970313,9.31,9.50,9.06,9.12,108900
PAX,19970314,9.12,9.44,9.12,9.31,86100
PAX,19970317,9.44,9.62,9.12,9.31,83800
PAX,19970318,9.38,9.38,9.06,9.19,89400
PAX,19970319,9.12,9.38,8.88,8.94,92600
PAX,19970320,8.94,9.12,8.88,8.94,39600
PAX,19970321,9.00,9.12,8.94,9.00,32300
PAX,19970324,9.06,9.19,8.81,8.94,54100
PAX,19970325,9.00,9.12,8.88,8.94,32800
PAX,19970326,9.00,9.06,8.81,8.88,33700
PAX,19970327,8.88,9.00,8.75,9.00,69800
PAX,19970331,9.00,11.38,8.69,10.75,1187600
PAX,19970401,11.25,11.38,10.38,10.50,452600
PAX,19970402,10.38,10.50,9.81,9.88,169300
PAX,19970403,10.12,10.38,10.00,10.25,180500
PAX,19970404,10.38,10.50,10.12,10.25,102400
PAX,19970407,10.50,10.50,10.12,10.25,90400
PAX,19970408,10.50,10.75,10.25,10.62,130000
PAX,19970409,10.75,10.88,10.62,10.88,83100
PAX,19970410,11.00,11.62,10.88,11.62,246100
PAX,19970411,11.50,12.25,11.12,11.88,363200
PAX,19970414,12.12,13.00,11.62,11.75,310400
PAX,19970415,12.12,12.12,11.00,11.25,200700
PAX,19970416,11.12,11.25,10.88,10.88,123400
PAX,19970417,10.75,10.88,10.50,10.62,97900
PAX,19970418,10.75,10.88,10.62,10.75,218600
PAX,19970421,10.88,10.88,10.50,10.62,50000
PAX,19970422,10.88,10.88,10.00,10.25,211100
PAX,19970423,10.12,10.12,9.62,9.75,228600
PAX,19970424,9.75,10.12,9.75,10.00,88700
PAX,19970425,10.00,10.25,10.00,10.00,66600
PAX,19970428,10.12,10.12,9.88,10.00,56500
PAX,19970429,10.12,10.25,9.88,9.88,82800
PAX,19970430,10.00,10.12,9.88,9.88,64100
PAX,19970501,10.00,10.00,9.75,9.88,101800
PAX,19970502,9.94,10.12,9.69,9.88,316900
PAX,19970505,10.00,10.25,9.88,10.12,161100
PAX,19970506,10.25,10.25,9.88,9.94,155700
PAX,19970507,10.06,10.19,9.94,10.12,98300
PAX,19970508,10.19,10.50,10.12,10.44,126800
PAX,19970509,10.50,10.62,10.00,10.38,807500
PAX,19970512,10.44,10.50,9.88,10.50,451700
PAX,19970513,11.00,11.00,10.12,10.56,300600
PAX,19970514,10.50,10.62,10.12,10.44,87300
PAX,19970515,10.44,10.44,9.94,10.12,91900
PAX,19970516,10.00,10.12,9.94,10.12,68600
PAX,19970519,10.06,10.06,9.75,9.94,86800
PAX,19970520,9.81,10.00,9.69,9.88,52400
PAX,19970521,9.62,10.00,9.50,9.94,99100
PAX,19970522,9.88,9.94,9.75,9.88,1112400
PAX,19970523,9.75,9.88,9.62,9.75,91100
PAX,19970527,9.88,9.88,9.56,9.88,281400
PAX,19970528,9.75,9.75,9.62,9.75,82700
PAX,19970529,9.81,10.75,9.69,10.62,739000
PAX,19970530,10.38,10.50,10.00,10.12,1003800
PAX,19970602,10.12,10.25,10.00,10.25,360500
PAX,19970603,10.31,10.31,10.00,10.06,218400
PAX,19970604,10.12,10.31,10.06,10.19,469300
PAX,19970605,10.25,10.25,10.06,10.19,162800
PAX,19970606,10.19,10.75,10.12,10.62,521400
PAX,19970609,10.81,10.94,10.62,10.94,177200
PAX,19970610,10.94,11.19,10.75,10.81,282500
PAX,19970611,10.94,11.44,10.88,11.38,434500
PAX,19970612,11.62,11.69,11.25,11.38,154900
PAX,19970613,11.25,11.50,11.25,11.38,77800
PAX,19970616,11.12,11.38,11.00,11.06,93300
PAX,19970617,11.12,11.44,11.12,11.25,73000
PAX,19970618,11.25,11.44,11.00,11.38,79100
PAX,19970619,11.38,11.44,11.00,11.06,122000
PAX,19970620,11.19,12.38,11.19,12.38,351000
PAX,19970623,12.50,14.25,12.38,12.88,1878500
PAX,19970624,13.25,13.25,12.50,12.62,435400
PAX,19970625,12.62,13.31,12.62,13.00,483700
PAX,19970626,12.94,13.25,12.69,12.88,135400
PAX,19970627,12.75,12.88,12.50,12.88,130600
PAX,19970630,12.62,13.12,12.56,13.12,143200
PAX,19970701,13.19,13.19,12.81,13.00,77000
PAX,19970702,13.00,13.00,12.69,12.81,112800
PAX,19970703,12.94,12.94,12.50,12.75,32400
PAX,19970707,12.62,12.75,12.44,12.69,59800
PAX,19970708,12.44,12.50,12.25,12.38,81900
PAX,19970709,12.25,12.38,11.81,12.00,249400
PAX,19970710,12.12,12.19,11.75,12.12,90800
PAX,19970711,12.12,12.25,12.00,12.19,31900
PAX,19970714,12.25,12.31,11.88,11.94,175500
PAX,19970715,11.81,12.00,11.62,11.62,89400
PAX,19970716,11.75,12.62,11.62,12.38,331700
PAX,19970717,12.62,13.12,12.38,12.75,320300
PAX,19970718,12.56,13.50,12.50,12.75,227400
PAX,19970721,12.75,13.12,12.62,12.62,129600
PAX,19970722,12.69,13.00,12.69,12.88,101200
PAX,19970723,12.81,13.06,12.69,13.00,93900
PAX,19970724,13.25,13.25,12.88,13.12,218800
PAX,19970725,13.12,14.12,13.12,14.12,298400
PAX,19970728,14.25,14.50,13.69,14.38,334500
PAX,19970729,14.12,14.50,13.38,13.69,198300
PAX,19970730,13.50,13.94,13.00,13.00,974200
PAX,19970731,13.50,13.75,13.00,13.25,106300
PAX,19970801,13.25,13.25,12.75,12.94,96300
PAX,19970804,13.00,13.00,12.75,12.81,68900
PAX,19970805,12.81,12.94,12.62,12.88,98200
PAX,19970806,12.94,13.00,12.88,12.94,113800
PAX,19970807,12.81,12.94,12.50,12.56,72500
PAX,19970808,12.62,12.62,11.62,12.12,251900
PAX,19970811,12.25,12.50,12.12,12.38,65700
PAX,19970812,12.25,12.50,12.25,12.31,80000
PAX,19970813,12.44,12.50,11.88,12.00,93900
PAX,19970814,12.12,12.50,12.12,12.38,27800
PAX,19970815,12.00,12.06,11.62,11.62,76000
PAX,19970818,11.50,11.75,11.38,11.62,186600
PAX,19970819,11.88,12.38,11.44,11.50,109500
PAX,19970820,11.56,11.88,11.31,11.88,221000
PAX,19970821,11.88,12.88,11.62,11.94,285800
PAX,19970822,11.94,12.19,11.81,12.00,136400
PAX,19970825,12.12,12.75,12.12,12.31,79000
PAX,19970826,12.12,12.94,12.12,12.69,126800
PAX,19970827,13.00,13.00,12.19,12.25,134000
PAX,19970828,12.25,12.50,12.12,12.12,81100
PAX,19970829,12.00,12.25,12.00,12.12,68300
PAX,19970902,12.12,12.25,11.88,11.94,85900
PAX,19970903,11.81,12.06,11.81,11.81,129300
PAX,19970904,12.00,12.12,11.12,11.75,288700
PAX,19970905,11.88,12.12,11.88,12.00,72800
PAX,19970908,12.00,12.19,12.00,12.12,55200
PAX,19970909,12.00,12.12,11.88,12.00,93200
PAX,19970910,11.88,12.12,11.38,11.75,235900
PAX,19970911,11.62,11.75,11.50,11.69,62900
PAX,19970912,11.50,11.62,11.25,11.62,71700
PAX,19970915,11.25,11.50,11.00,11.44,143500
PAX,19970916,11.44,11.94,11.38,11.50,130400
PAX,19970917,11.75,11.94,11.62,11.75,94300
PAX,19970918,11.88,12.44,11.88,12.00,172300
PAX,19970919,11.81,12.12,11.62,11.62,72200
PAX,19970922,11.88,12.12,11.62,11.81,73200
PAX,19970923,11.94,11.94,11.12,11.38,1188600
PAX,19970924,11.38,11.50,10.75,10.94,182800
PAX,19970925,10.81,11.38,10.81,11.31,95000
PAX,19970926,11.12,11.62,11.12,11.62,65700
PAX,19970929,11.62,11.75,11.38,11.50,148900
PAX,19970930,11.38,11.69,11.38,11.62,94400
PAX,19971001,11.50,11.69,11.19,11.62,73500
PAX,19971002,11.38,11.56,11.25,11.50,36900
PAX,19971003,11.69,11.69,11.25,11.50,70800
PAX,19971006,11.25,11.50,11.25,11.50,71000
PAX,19971007,11.38,11.69,11.38,11.50,126100
PAX,19971008,11.75,11.75,11.50,11.69,102200
PAX,19971009,11.50,11.75,11.38,11.75,39200
PAX,19971010,11.62,11.75,11.25,11.62,78700
PAX,19971013,11.38,11.62,11.19,11.25,51100
PAX,19971014,11.31,11.38,11.12,11.12,49500
PAX,19971015,11.00,11.25,10.69,11.12,102500
PAX,19971016,11.12,11.12,10.50,10.81,151000
PAX,19971017,10.69,10.69,10.06,10.44,190400
PAX,19971020,10.50,11.50,10.50,11.25,145800
PAX,19971021,11.62,11.88,11.25,11.44,107800
PAX,19971022,11.50,11.62,11.31,11.56,78600
PAX,19971023,11.38,12.31,11.38,12.00,338600
PAX,19971024,12.81,12.81,12.00,12.06,172300
PAX,19971027,12.25,12.25,11.50,11.56,157100
PAX,19971028,10.75,12.00,10.62,11.88,160200
PAX,19971029,11.94,12.00,11.12,11.69,139900
PAX,19971030,11.31,11.50,11.12,11.12,114900
PAX,19971031,11.25,11.75,11.25,11.25,60600
PAX,19971103,11.25,11.56,11.25,11.56,84100
PAX,19971104,11.75,11.88,11.38,11.38,69000
PAX,19971105,11.25,11.25,10.81,10.88,172100
PAX,19971106,10.88,10.88,10.62,10.75,67200
PAX,19971107,10.62,10.69,10.31,10.50,136600
PAX,19971110,10.50,10.50,9.88,9.88,248400
PAX,19971111,9.88,10.12,9.81,10.00,68200
PAX,19971112,9.75,10.12,9.56,9.62,840800
PAX,19971113,9.88,9.88,9.38,9.56,139400
PAX,19971114,9.69,10.50,9.69,10.50,184400
PAX,19971117,10.88,11.00,9.69,9.88,284800
PAX,19971118,9.94,10.25,9.69,9.88,140000
PAX,19971119,9.62,9.62,8.75,9.12,657800
PAX,19971120,9.19,9.56,9.19,9.25,310200
PAX,19971121,9.38,9.81,9.25,9.44,223100
PAX,19971124,9.25,9.31,8.94,8.94,69900
PAX,19971125,8.88,8.88,8.25,8.62,182600
PAX,19971126,8.50,9.12,8.50,8.62,73300
PAX,19971128,8.75,8.88,8.50,8.56,38500
PAX,19971201,8.69,8.69,7.50,7.88,348900
PAX,19971202,7.88,8.44,7.62,7.88,144800
PAX,19971203,7.75,8.12,7.69,7.81,165800
PAX,19971204,7.75,8.25,7.62,7.88,127000
PAX,19971205,7.62,7.88,7.06,7.38,166600
PAX,19971208,7.44,7.88,7.12,7.62,83200
PAX,19971209,7.62,7.94,7.44,7.88,122700
PAX,19971210,7.62,8.12,7.50,7.62,147800
PAX,19971211,7.50,7.69,7.38,7.62,96000
PAX,19971212,8.00,8.06,7.62,8.00,132800
PAX,19971215,8.00,8.38,7.94,8.00,79000
PAX,19971216,7.88,8.12,7.69,7.81,95400
PAX,19971217,7.56,7.75,7.38,7.69,139400
PAX,19971218,7.81,7.94,7.31,7.50,146000
PAX,19971219,7.19,7.50,7.12,7.38,137000
PAX,19971222,7.31,7.56,7.19,7.19,227300
PAX,19971223,7.31,7.62,7.31,7.50,129300
PAX,19971224,7.62,7.75,7.38,7.75,84000
PAX,19971226,7.75,7.81,7.56,7.62,60600
PAX,19971229,7.56,7.62,7.25,7.38,203000
PAX,19971230,7.62,7.62,7.19,7.38,172800
PAX,19971231,7.38,7.62,7.12,7.50,422200
PAX,19980102,7.50,7.56,7.12,7.56,68100
PAX,19980105,7.56,7.75,7.38,7.62,58100
PAX,19980106,7.38,8.12,7.38,7.88,110800
PAX,19980107,7.75,8.06,7.69,8.06,72600
PAX,19980108,8.00,8.62,8.00,8.44,125400
PAX,19980109,8.38,8.44,7.62,7.69,98000
PAX,19980112,7.81,8.62,7.62,8.62,242100
PAX,19980113,8.62,8.88,8.38,8.75,108400
PAX,19980114,8.75,9.00,8.62,8.75,156200
PAX,19980115,8.94,9.00,8.75,8.88,130800
PAX,19980116,8.88,9.12,8.75,8.88,137200
PAX,19980120,9.00,9.12,8.75,9.12,197100
PAX,19980121,9.12,9.12,8.81,8.88,62500
PAX,19980122,8.81,8.88,8.75,8.81,49800
PAX,19980123,8.75,8.81,8.50,8.62,30900
PAX,19980126,8.62,8.75,8.25,8.75,148700
PAX,19980127,8.75,9.12,8.75,8.75,105700
PAX,19980128,8.81,9.19,8.75,9.00,164400
PAX,19980129,8.88,9.25,8.75,9.06,100000
PAX,19980130,8.81,9.19,8.69,9.12,112400
PAX,19980202,9.38,9.38,9.00,9.12,104800
PAX,19980203,9.12,9.19,8.75,8.88,43300
PAX,19980204,8.94,9.00,8.75,8.75,40300
PAX,19980205,8.69,8.88,8.62,8.75,48200
PAX,19980206,8.88,8.94,8.75,8.94,22400
PAX,19980209,9.00,9.00,8.88,9.00,60800
PAX,19980210,9.00,9.12,9.00,9.06,49300
PAX,19980211,9.06,9.44,9.06,9.19,141600
PAX,19980212,9.12,9.44,9.12,9.38,44400
PAX,19980213,9.12,9.62,9.12,9.38,36200
PAX,19980217,9.38,9.69,9.38,9.50,46900
PAX,19980218,9.38,9.69,9.00,9.12,66000
PAX,19980219,9.12,9.38,8.75,9.12,119000
PAX,19980220,9.00,9.19,8.75,9.12,35900
PAX,19980223,8.75,9.00,8.75,8.94,49400
PAX,19980224,9.00,9.00,8.75,8.88,27600
PAX,19980225,8.75,8.94,8.62,8.88,24400
PAX,19980226,8.88,8.88,8.69,8.88,58300
PAX,19980227,8.88,9.00,8.88,8.94,72700
PAX,19980302,9.00,9.25,9.00,9.12,47800
PAX,19980303,9.06,9.19,8.88,9.06,35800
PAX,19980304,9.06,9.06,8.88,8.88,28100
PAX,19980305,8.88,9.00,8.25,8.69,1101100
PAX,19980306,8.69,8.69,8.50,8.62,65800
PAX,19980309,8.62,8.62,8.25,8.44,75900
PAX,19980310,8.50,8.62,8.12,8.25,80500
PAX,19980311,8.38,8.38,8.06,8.19,166900
PAX,19980312,8.25,8.44,8.06,8.31,182900
PAX,19980313,8.50,8.62,8.38,8.62,140600
PAX,19980316,8.69,9.00,8.44,9.00,115600
PAX,19980317,9.00,9.00,8.75,9.00,140400
PAX,19980318,9.00,9.88,8.88,9.56,1154900
PAX,19980319,9.81,9.88,9.38,9.75,430100
PAX,19980320,9.69,10.38,9.69,10.06,455900
PAX,19980323,10.00,10.25,9.75,9.75,449800
PAX,19980324,10.25,10.88,10.00,10.38,879300
PAX,19980325,10.75,10.75,10.31,10.44,601500
PAX,19980326,10.44,10.44,9.81,9.88,247900
PAX,19980327,9.94,10.50,9.88,10.12,1003100
PAX,19980330,10.00,10.75,10.00,10.69,603700
PAX,19980331,10.94,11.38,10.50,11.19,626700
PAX,19980401,11.19,11.88,11.19,11.75,726200
PAX,19980402,12.00,12.50,10.75,11.44,712700
PAX,19980403,11.81,11.94,11.44,11.88,285600
PAX,19980406,11.94,12.25,11.25,11.56,379200
PAX,19980407,11.69,11.88,11.12,11.12,160600
PAX,19980408,11.25,11.75,11.06,11.56,170500
PAX,19980409,11.50,11.50,11.25,11.38,124700
PAX,19980413,11.62,11.75,10.56,11.12,158400
PAX,19980414,11.25,11.38,11.00,11.25,213300
PAX,19980415,11.38,11.62,11.12,11.25,145900
PAX,19980416,11.38,11.38,11.00,11.25,125800
PAX,19980417,11.25,11.75,11.12,11.38,229200
PAX,19980420,11.50,11.75,11.50,11.62,171400
PAX,19980421,11.69,12.88,11.31,12.75,623200
PAX,19980422,12.88,13.50,12.88,13.06,776100
PAX,19980423,13.38,13.75,13.00,13.00,492100
PAX,19980424,13.00,13.06,12.25,12.62,223900
PAX,19980427,12.12,12.38,11.12,11.88,378400
PAX,19980428,12.12,12.75,12.12,12.56,320300
PAX,19980429,12.44,13.12,12.44,12.88,235900
PAX,19980430,13.75,13.81,13.00,13.44,412400
PAX,19980501,13.38,13.38,12.38,13.06,255700
PAX,19980504,13.19,13.19,12.50,12.69,101800
PAX,19980505,12.50,12.75,12.31,12.44,111800
PAX,19980506,12.50,12.94,12.50,12.62,96600
PAX,19980507,12.75,12.88,12.12,12.25,96500
PAX,19980508,12.50,12.88,12.50,12.62,83300
PAX,19980511,12.75,12.88,12.25,12.38,146600
PAX,19980512,12.50,12.94,12.25,12.75,160000
PAX,19980513,12.81,12.88,12.50,12.69,166100
PAX,19980514,12.75,13.25,12.62,12.75,389500
PAX,19980515,13.06,13.12,12.69,12.75,215200
PAX,19980518,12.69,12.75,12.00,12.25,143900
PAX,19980519,12.50,12.75,12.25,12.62,123700
PAX,19980520,12.69,12.88,12.62,12.62,324000
PAX,19980521,12.50,12.62,12.12,12.31,59100
PAX,19980522,12.38,12.38,11.88,12.00,140300
PAX,19980526,12.00,12.19,11.62,11.62,73100
PAX,19980527,11.38,11.62,11.00,11.25,147100
PAX,19980528,11.12,11.75,11.12,11.62,100400
PAX,19980529,11.69,11.88,11.62,11.81,97600
PAX,19980601,11.56,11.81,11.50,11.50,81800
PAX,19980602,11.44,11.44,11.00,11.19,68500
PAX,19980603,11.06,11.38,11.06,11.12,86300
PAX,19980604,11.06,11.25,11.00,11.00,196700
PAX,19980605,11.06,11.44,10.88,11.12,80300
PAX,19980608,11.25,11.50,11.19,11.44,67800
PAX,19980609,11.44,11.44,11.25,11.38,146800
PAX,19980610,11.50,11.69,11.44,11.50,126400
PAX,19980611,11.50,11.56,11.38,11.44,48600
PAX,19980612,11.31,11.50,10.81,11.25,136000
PAX,19980615,11.00,11.12,10.75,10.75,71000
PAX,19980616,10.75,11.25,10.56,10.81,124500
PAX,19980617,10.75,11.00,10.69,10.88,82900
PAX,19980618,10.75,10.88,10.56,10.88,37000
PAX,19980619,10.75,10.88,10.12,10.25,92000
PAX,19980622,10.38,10.50,10.25,10.25,58600
PAX,19980623,10.38,10.38,9.75,9.94,308600
PAX,19980624,10.00,11.94,10.00,11.81,455600
PAX,19980625,12.00,12.25,11.56,11.56,219200
PAX,19980626,11.62,12.00,11.56,11.75,76900
PAX,19980629,12.00,12.25,11.88,12.00,100400
PAX,19980630,12.00,12.12,11.62,12.06,115000
PAX,19980701,12.12,12.12,11.75,12.06,88400
PAX,19980702,12.25,12.25,11.69,11.81,56900
PAX,19980706,11.81,12.25,11.75,12.12,97400
PAX,19980707,12.00,12.19,11.25,11.69,169300
PAX,19980708,11.75,11.94,11.62,11.88,136400
PAX,19980709,11.75,12.25,11.75,12.12,143100
PAX,19980710,12.12,12.25,11.75,11.88,633800
PAX,19980713,11.69,12.12,11.62,12.00,109100
PAX,19980714,12.06,12.88,12.00,12.75,409000
PAX,19980715,12.75,13.25,12.25,12.75,258900
PAX,19980716,12.88,13.00,12.12,12.50,94500
PAX,19980717,12.50,12.50,12.12,12.44,54600
PAX,19980720,12.81,12.88,12.00,12.19,96600
PAX,19980721,11.75,12.00,11.62,11.62,117200
PAX,19980722,11.81,11.81,11.50,11.56,39300
PAX,19980723,11.50,11.50,11.25,11.31,73200
PAX,19980724,11.19,11.44,10.88,11.19,54400
PAX,19980727,11.06,11.06,10.75,10.88,59600
PAX,19980728,10.88,11.00,10.12,10.44,141100
PAX,19980729,10.50,10.75,10.38,10.50,117400
PAX,19980730,10.75,11.25,10.50,11.06,46400
PAX,19980731,10.88,11.25,10.62,10.69,64800
PAX,19980803,10.50,10.56,10.25,10.25,140900
PAX,19980804,10.12,10.50,10.00,10.00,135200
PAX,19980805,10.00,10.12,9.62,10.00,113900
PAX,19980806,10.12,10.25,9.75,10.06,54200
PAX,19980807,10.00,11.00,10.00,10.81,57000
PAX,19980810,10.62,10.88,10.56,10.69,37300
PAX,19980811,10.50,10.50,9.94,10.38,46600
PAX,19980812,10.25,10.94,10.12,10.69,65000
PAX,19980813,10.50,10.88,10.44,10.62,76500
PAX,19980814,10.88,10.94,10.44,10.69,34000
PAX,19980817,10.50,10.62,10.19,10.56,42000
PAX,19980818,10.50,11.38,10.50,11.00,67700
PAX,19980819,11.00,11.25,10.62,10.69,31200
PAX,19980820,11.00,11.75,11.00,11.75,164800
PAX,19980821,11.94,12.00,11.12,11.12,135000
PAX,19980824,11.00,11.75,11.00,11.38,164000
PAX,19980825,11.50,11.75,11.31,11.38,88700
PAX,19980826,11.44,11.62,10.81,11.12,105000
PAX,19980827,10.50,10.69,10.12,10.19,155300
PAX,19980828,10.25,10.62,10.00,10.19,136900
PAX,19980831,10.62,10.88,9.00,9.12,246600
PAX,19980901,9.00,9.75,8.00,9.75,566200
PAX,19980902,10.00,10.50,9.62,10.00,135600
PAX,19980903,9.75,10.44,9.50,10.31,89500
PAX,19980904,10.56,10.75,10.25,10.62,118900
PAX,19980908,10.75,11.00,10.38,10.50,95900
PAX,19980909,10.56,10.62,10.00,10.06,70300
PAX,19980910,9.50,10.12,9.38,9.62,142900
PAX,19980911,9.50,9.88,9.25,9.88,48100
PAX,19980914,9.94,9.94,9.62,9.62,41300
PAX,19980915,9.88,10.00,9.75,9.88,87700
PAX,19980916,9.88,9.94,9.75,9.94,81000
PAX,19980917,9.75,10.00,9.62,9.88,76900
PAX,19980918,10.06,10.12,9.69,9.81,101200
PAX,19980921,9.75,9.75,9.12,9.44,34500
PAX,19980922,9.56,9.88,9.50,9.75,57400
PAX,19980923,9.50,10.00,9.38,10.00,81800
PAX,19980924,9.88,10.00,9.75,9.75,27200
PAX,19980925,9.94,9.94,9.56,9.81,36100
PAX,19980928,9.94,10.00,9.50,9.56,26900
PAX,19980929,9.56,9.69,9.50,9.62,28200
PAX,19980930,9.69,9.69,8.88,9.19,43900
PAX,19981001,9.25,9.25,8.25,8.62,80500
PAX,19981002,8.81,8.88,8.25,8.88,60500
PAX,19981005,8.62,8.62,8.00,8.06,111000
PAX,19981006,8.00,8.25,7.62,7.88,323400
PAX,19981007,7.56,7.94,7.00,7.25,110500
PAX,19981008,6.38,6.50,5.19,6.12,388100
PAX,19981009,6.00,6.50,6.00,6.50,139400
PAX,19981012,7.00,7.25,6.81,7.12,103200
PAX,19981013,7.12,7.44,6.88,7.25,60500
PAX,19981014,7.44,8.25,7.25,7.81,121900
PAX,19981015,7.75,8.50,7.75,8.50,165500
PAX,19981016,8.31,8.50,8.00,8.12,138100
PAX,19981019,8.12,8.38,8.06,8.19,37200
PAX,19981020,8.19,8.75,8.19,8.44,59600
PAX,19981021,8.50,8.88,8.50,8.88,84000
PAX,19981022,8.88,9.12,8.62,9.00,257800
PAX,19981023,8.88,8.94,8.75,8.75,85800
PAX,19981026,8.75,8.94,8.75,8.75,38700
PAX,19981027,8.88,8.88,8.12,8.38,108800
PAX,19981028,8.62,8.62,8.25,8.38,75100
PAX,19981029,8.31,8.50,8.25,8.25,93000
PAX,19981030,8.25,8.50,8.25,8.38,122700
PAX,19981102,8.50,8.50,8.00,8.00,54600
PAX,19981103,8.06,8.19,7.50,8.00,66300
PAX,19981104,8.00,8.00,7.75,7.94,67500
PAX,19981105,8.00,8.00,7.75,7.88,173000
PAX,19981106,7.94,7.94,7.56,7.88,197000
PAX,19981109,7.88,8.00,7.62,7.88,162000
PAX,19981110,7.88,7.88,7.56,7.75,164800
PAX,19981111,7.75,7.75,7.25,7.69,96600
PAX,19981112,7.44,7.44,7.31,7.38,57200
PAX,19981113,7.25,7.25,7.06,7.12,70900
PAX,19981116,7.12,7.31,7.00,7.25,69500
PAX,19981117,7.12,7.69,7.00,7.06,122700
PAX,19981118,7.06,7.62,6.75,7.50,146500
PAX,19981119,7.50,7.94,7.31,7.75,78300
PAX,19981120,7.62,8.00,7.62,7.88,107200
PAX,19981123,7.94,8.00,7.75,7.81,56400
PAX,19981124,7.81,8.00,7.62,7.75,80800
PAX,19981125,7.62,7.75,7.38,7.62,63700
PAX,19981127,7.75,7.75,7.38,7.44,18400
PAX,19981130,7.31,7.38,7.06,7.25,82200
PAX,19981201,7.06,7.25,7.06,7.25,97400
PAX,19981202,7.00,7.38,7.00,7.12,50900
PAX,19981203,7.06,7.12,6.88,7.00,95500
PAX,19981204,6.88,7.12,6.88,6.88,54000
PAX,19981207,6.69,6.75,6.38,6.62,186800
PAX,19981208,6.62,7.12,6.50,7.00,249400
PAX,19981209,7.38,8.75,7.38,8.75,345900
PAX,19981210,8.88,9.25,8.31,8.50,344000
PAX,19981211,8.56,9.00,8.50,8.62,87500
PAX,19981214,8.50,8.56,8.00,8.25,156300
PAX,19981215,8.31,8.38,8.12,8.25,69900
PAX,19981216,8.12,8.38,8.00,8.06,57800
PAX,19981217,8.12,8.12,7.75,8.12,134600
PAX,19981218,8.12,9.25,8.00,8.62,336900
PAX,19981221,8.50,8.81,8.12,8.75,197600
PAX,19981222,8.38,8.69,8.38,8.69,89800
PAX,19981223,8.75,9.25,8.62,9.12,174800
PAX,19981224,9.00,9.25,9.00,9.12,25500
PAX,19981228,9.12,9.44,9.06,9.25,117800
PAX,19981229,9.19,9.31,9.06,9.25,105600
PAX,19981230,9.25,9.25,8.88,9.12,71700
PAX,19981231,8.88,9.19,8.62,9.19,182400
PAX,19990104,9.38,9.38,8.56,8.56,123400
PAX,19990105,8.50,8.94,8.50,8.88,38400
PAX,19990106,8.94,9.00,8.50,8.81,105400
PAX,19990107,8.38,8.75,8.25,8.50,92000
PAX,19990108,8.50,8.69,8.50,8.56,64000
PAX,19990111,8.38,8.81,8.38,8.75,125500
PAX,19990112,8.62,9.31,8.50,8.62,141400
PAX,19990113,8.50,8.62,8.06,8.62,64000
PAX,19990114,8.62,9.19,8.25,9.12,54500
PAX,19990115,9.06,9.31,8.75,9.06,69300
PAX,19990119,9.06,9.06,8.75,8.88,43000
PAX,19990120,8.81,9.00,8.75,8.94,78300
PAX,19990121,8.75,9.00,8.50,8.75,103800
PAX,19990122,8.62,8.75,8.38,8.62,31600
PAX,19990125,8.62,8.69,8.25,8.62,37900
PAX,19990126,8.50,9.00,8.25,8.75,41500
PAX,19990127,9.00,9.00,8.75,8.88,74200
PAX,19990128,8.88,9.00,8.75,8.75,68900
PAX,19990129,8.75,9.00,8.56,9.00,59300
PAX,19990201,9.00,9.00,8.69,8.88,44300
PAX,19990202,9.12,9.25,8.69,8.81,77500
PAX,19990203,8.75,9.00,8.50,9.00,126100
PAX,19990204,9.00,9.12,8.75,8.94,63300
PAX,19990205,8.94,9.06,8.69,8.75,61800
PAX,19990208,8.69,8.94,8.50,8.88,35200
PAX,19990209,8.88,9.00,8.69,8.75,74200
PAX,19990210,8.88,8.88,8.50,8.62,59400
PAX,19990211,8.50,8.88,8.50,8.75,58700
PAX,19990212,8.88,9.62,8.75,9.50,307200
PAX,19990216,9.56,9.62,9.06,9.25,101900
PAX,19990217,9.00,9.19,8.62,8.62,58700
PAX,19990218,8.75,8.88,8.56,8.69,42400
PAX,19990219,8.56,8.62,8.38,8.38,94900
PAX,19990222,8.56,8.56,8.25,8.38,41400
PAX,19990223,8.38,8.50,8.25,8.50,38200
PAX,19990224,8.62,8.62,8.19,8.31,68600
PAX,19990225,8.12,8.62,8.12,8.25,25900
PAX,19990226,8.25,8.31,8.06,8.25,36400
PAX,19990301,8.25,8.31,8.06,8.25,26000
PAX,19990302,8.12,8.25,8.00,8.06,28400
PAX,19990303,8.00,8.25,7.88,8.06,86000
PAX,19990304,8.12,8.25,8.00,8.12,43400
PAX,19990305,8.12,8.19,7.81,8.12,41400
PAX,19990308,8.00,8.12,7.81,7.88,39300
PAX,19990309,7.75,8.12,7.62,8.12,78100
PAX,19990310,8.44,8.44,7.75,8.31,101700
PAX,19990311,8.50,8.56,8.00,8.19,147700
PAX,19990312,8.44,9.94,8.38,9.38,491800
PAX,19990315,9.94,10.06,9.62,9.69,436800
PAX,19990316,9.81,9.88,8.88,9.00,167400
PAX,19990317,9.06,9.38,9.00,9.00,75300
PAX,19990318,9.00,9.94,9.00,9.38,148600
PAX,19990319,9.38,9.44,9.00,9.06,94200
PAX,19990322,9.31,9.38,8.88,9.00,98500
PAX,19990323,8.88,8.88,8.62,8.81,70400
PAX,19990324,8.88,8.94,8.75,8.81,50700
PAX,19990325,8.81,9.00,8.75,8.75,67900
PAX,19990326,8.62,8.94,8.62,8.75,43200
PAX,19990329,8.94,9.00,8.75,8.75,48800
PAX,19990330,8.75,8.81,8.19,8.44,102600
PAX,19990331,8.38,8.75,8.00,8.56,48000
PAX,19990401,8.62,8.62,8.06,8.19,36100
PAX,19990405,8.25,8.38,8.00,8.06,54400
PAX,19990406,8.00,8.12,7.94,8.06,72600
PAX,19990407,8.06,8.38,7.94,8.19,96000
PAX,19990408,8.25,8.25,7.94,8.19,88100
PAX,19990409,8.06,8.31,8.00,8.31,68400
PAX,19990412,8.06,8.31,7.88,8.06,75300
PAX,19990413,8.06,8.50,8.00,8.44,91700
PAX,19990414,8.50,9.25,8.50,9.06,159200
PAX,19990415,9.12,9.50,9.12,9.50,144200
PAX,19990416,9.44,10.75,9.44,10.00,308600
PAX,19990419,9.94,10.00,8.62,9.12,178700
PAX,19990420,9.06,9.50,8.88,9.25,129900
PAX,19990421,9.62,10.56,9.62,10.00,142700
PAX,19990422,10.31,10.62,9.94,10.19,299600
PAX,19990423,10.12,10.38,9.88,10.06,98400
PAX,19990426,10.06,11.19,10.00,10.88,363900
PAX,19990427,11.19,12.75,11.00,11.56,729600
PAX,19990428,11.38,11.50,10.88,10.88,191600
PAX,19990429,10.75,11.19,10.62,10.75,141300
PAX,19990430,10.50,10.88,10.38,10.69,152100
PAX,19990503,10.56,11.31,10.56,11.19,348500
PAX,19990504,11.31,12.12,11.06,11.75,357200
PAX,19990505,11.50,12.00,11.38,12.00,236200
PAX,19990506,11.88,12.75,11.50,12.56,517300
PAX,19990507,12.56,12.75,12.06,12.44,268100
PAX,19990510,12.00,12.25,11.62,11.88,260100
PAX,19990511,11.50,11.88,11.25,11.50,196700
PAX,19990512,11.50,11.88,11.00,11.50,185000
PAX,19990513,11.75,11.75,11.19,11.38,114700
PAX,19990514,11.00,11.06,10.38,10.62,217600
PAX,19990517,10.62,11.44,10.62,10.75,167400
PAX,19990518,11.00,11.12,10.50,10.75,118500
PAX,19990519,10.75,10.88,10.50,10.62,108400
PAX,19990520,10.62,11.81,10.62,11.12,326200
PAX,19990521,11.25,13.12,11.25,12.56,1442200
PAX,19990524,12.25,13.94,12.00,13.94,994700
PAX,19990525,13.75,14.25,13.00,14.12,743300
PAX,19990526,13.75,13.88,12.50,12.62,549600
PAX,19990527,12.50,13.00,11.38,12.62,689700
PAX,19990528,12.25,13.00,12.25,12.94,442200
PAX,19990601,12.75,12.88,12.31,12.50,92700
PAX,19990602,12.38,12.38,11.75,12.00,138800
PAX,19990603,11.88,12.25,11.38,11.44,119400
PAX,19990604,11.44,12.62,11.38,12.25,236900
PAX,19990607,12.12,12.25,11.75,12.19,63000
PAX,19990608,12.12,12.25,11.69,12.00,80100
PAX,19990609,12.00,12.75,11.75,12.69,165400
PAX,19990610,12.69,12.88,12.38,12.50,85600
PAX,19990611,12.50,13.25,12.19,12.50,309600
PAX,19990614,12.31,12.38,11.56,12.25,183500
PAX,19990615,12.00,12.12,11.81,12.00,43400
PAX,19990616,11.75,11.81,11.12,11.12,202700
PAX,19990617,11.25,11.31,10.75,10.75,202600
PAX,19990618,10.75,11.25,10.31,11.06,232200
PAX,19990621,11.12,11.81,10.62,11.44,182600
PAX,19990622,11.44,11.75,11.25,11.44,72100
PAX,19990623,11.25,11.44,10.94,10.94,81100
PAX,19990624,11.12,11.62,11.00,11.62,147500
PAX,19990625,11.75,11.88,11.25,11.50,80900
PAX,19990628,11.50,11.88,11.50,11.88,146600
PAX,19990629,11.94,12.50,11.62,12.12,215600
PAX,19990630,12.00,13.50,11.75,12.75,231400
PAX,19990701,12.75,13.25,12.50,13.00,332500
PAX,19990702,13.06,13.12,12.50,12.56,92600
PAX,19990706,12.31,13.25,12.12,13.06,216200
PAX,19990707,12.94,13.25,12.75,13.25,126500
PAX,19990708,13.00,13.25,12.94,13.06,105200
PAX,19990709,12.94,13.12,12.88,13.00,97800
PAX,19990712,13.12,13.75,13.12,13.12,234200
PAX,19990713,13.00,13.12,12.81,13.12,88000
PAX,19990714,13.00,13.25,12.88,13.00,70800
PAX,19990715,13.12,13.75,12.88,13.12,235100
PAX,19990716,12.88,13.00,12.25,12.38,235400
PAX,19990719,12.19,12.56,11.94,12.19,207800
PAX,19990720,12.12,12.44,11.69,12.00,280500
PAX,19990721,11.75,12.25,11.62,11.94,112200
PAX,19990722,11.94,11.94,11.44,11.62,57300
PAX,19990723,11.50,11.62,11.38,11.38,34700
PAX,19990726,11.00,11.44,10.50,10.50,178800
PAX,19990727,10.88,11.25,10.81,11.25,124200
PAX,19990728,11.50,12.25,11.50,11.75,163600
PAX,19990729,11.75,11.75,10.75,11.25,127900
PAX,19990730,11.25,11.31,11.06,11.06,40000
PAX,19990802,11.12,11.69,11.12,11.62,80300
PAX,19990803,11.38,12.00,11.38,11.50,113000
PAX,19990804,11.50,12.00,11.38,11.75,93500
PAX,19990805,11.88,12.75,11.00,12.75,344300
PAX,19990806,14.00,14.50,13.50,14.06,2683100
PAX,19990809,14.50,15.38,13.75,15.12,1395400
PAX,19990810,15.00,15.88,14.88,15.75,900300
PAX,19990811,16.00,16.88,15.94,16.31,655400
PAX,19990812,16.19,16.38,15.00,15.50,565100
PAX,19990813,14.88,15.94,14.88,15.69,458000
PAX,19990816,16.12,16.50,15.81,16.44,782200
PAX,19990817,16.06,16.38,14.50,14.69,675700
PAX,19990818,14.94,15.88,14.75,15.50,879800
PAX,19990819,15.94,16.25,15.56,16.25,320900
PAX,19990820,16.50,17.44,15.00,15.06,1258500
PAX,19990823,15.25,15.50,13.75,14.25,517200
PAX,19990824,14.19,14.31,13.56,14.00,249300
PAX,19990825,14.06,14.06,13.50,13.75,252100
PAX,19990826,13.88,14.12,13.56,13.69,302800
PAX,19990827,13.75,13.88,13.62,13.75,93600
PAX,19990830,13.88,14.50,13.88,14.38,174800
PAX,19990831,14.50,14.50,14.00,14.38,169100
PAX,19990901,14.62,14.75,14.44,14.62,95700
PAX,19990902,14.50,14.69,14.00,14.56,83400
PAX,19990903,14.75,14.88,14.50,14.81,169300
PAX,19990907,15.94,15.94,14.94,15.81,880000
PAX,19990908,15.94,16.88,15.75,16.50,915000
PAX,19990909,17.00,17.25,15.75,16.00,1569300
PAX,19990910,16.44,16.44,15.44,15.62,360600
PAX,19990913,15.75,15.88,15.38,15.75,150500
PAX,19990914,15.94,15.94,15.19,15.62,120700
PAX,19990915,15.19,15.50,14.75,15.06,184800
PAX,19990916,14.25,14.50,13.25,14.00,731300
PAX,19990917,14.00,14.06,12.75,13.12,609300
PAX,19990920,12.88,13.00,12.00,12.25,344500
PAX,19990921,12.25,13.00,12.06,12.62,318800
PAX,19990922,12.81,12.94,12.50,12.69,228500
PAX,19990923,12.81,12.88,11.88,11.94,272000
PAX,19990924,12.00,12.00,10.88,11.12,588300
PAX,19990927,11.38,11.44,11.00,11.19,357600
PAX,19990928,11.06,11.25,10.88,11.12,272700
PAX,19990929,11.00,11.19,10.88,11.19,242400
PAX,19990930,11.19,12.25,11.06,12.25,461600
PAX,19991001,12.25,12.25,11.38,11.38,306800
PAX,19991004,11.50,11.62,11.00,11.25,118000
PAX,19991005,11.19,11.75,11.19,11.56,113100
PAX,19991006,11.50,12.12,11.50,12.06,148200
PAX,19991007,12.12,12.75,12.12,12.75,184900
PAX,19991008,12.62,13.00,12.50,13.00,182300
PAX,19991011,12.88,13.69,12.88,13.56,207600
PAX,19991012,13.62,13.81,13.44,13.62,290300
PAX,19991013,13.50,13.69,12.88,13.25,126600
PAX,19991014,13.19,13.19,12.38,12.38,133900
PAX,19991015,12.12,12.12,11.62,11.94,129600
PAX,19991018,12.06,12.06,11.12,11.25,95100
PAX,19991019,11.25,11.31,10.88,11.00,120200
PAX,19991020,11.25,11.62,11.12,11.62,157100
PAX,19991021,11.50,11.50,11.12,11.38,115100
PAX,19991022,11.12,11.69,10.88,11.50,135400
PAX,19991025,11.50,11.94,11.50,11.88,132000
PAX,19991026,11.88,12.12,11.69,11.69,144600
PAX,19991027,11.88,12.38,11.81,11.81,99600
PAX,19991028,12.06,12.25,11.75,12.00,89000
PAX,19991029,12.12,12.25,11.75,11.75,79100
PAX,19991101,11.88,12.00,11.75,11.75,123600
PAX,19991102,11.75,11.94,11.75,11.94,43400
PAX,19991103,11.75,11.88,11.38,11.50,201400
PAX,19991104,11.25,11.25,10.38,10.75,422300
PAX,19991105,11.00,11.00,10.31,10.56,160800
PAX,19991108,10.50,10.50,10.06,10.25,128100
PAX,19991109,10.00,10.50,10.00,10.25,247000
PAX,19991110,10.31,10.38,9.88,10.38,149800
PAX,19991111,10.44,10.88,9.75,10.31,195800
PAX,19991112,10.31,10.31,9.77,10.12,146300
PAX,19991115,10.50,10.50,10.00,10.00,123100
PAX,19991116,10.12,10.12,9.62,10.00,412200
PAX,19991117,10.00,10.06,9.75,10.00,284200
PAX,19991118,10.00,10.25,9.94,10.06,153600
PAX,19991119,9.94,10.50,9.94,10.25,128600
PAX,19991122,10.31,11.50,10.00,11.38,237200
PAX,19991123,11.12,11.25,10.75,11.12,180400
PAX,19991124,11.00,11.12,10.88,11.06,70400
PAX,19991126,11.00,11.25,10.94,11.00,56400
PAX,19991129,11.12,12.00,11.12,11.69,150700
PAX,19991130,11.75,11.75,11.25,11.44,66200
PAX,19991201,11.31,11.75,11.25,11.38,39400
PAX,19991202,11.50,11.62,11.12,11.12,79900
PAX,19991203,11.38,11.62,11.19,11.44,95300
PAX,19991206,11.69,11.94,11.19,11.31,195400
PAX,19991207,11.44,11.75,11.38,11.69,199400
PAX,19991208,11.69,11.88,11.44,11.88,429500
PAX,19991209,11.94,12.00,11.50,11.75,233300
PAX,19991210,11.88,11.94,11.62,11.88,125000
PAX,19991213,12.00,12.00,11.69,11.81,101100
PAX,19991214,11.56,11.75,11.50,11.69,84700
PAX,19991215,11.62,11.62,11.19,11.38,112700
PAX,19991216,11.31,11.31,10.75,10.88,168900
PAX,19991217,10.88,11.00,10.50,10.88,83400
PAX,19991220,10.88,11.62,10.81,11.56,135500
PAX,19991221,11.56,12.00,11.38,11.88,213200
PAX,19991222,11.88,11.94,11.50,11.69,41500
PAX,19991223,11.94,11.94,11.19,11.50,96200
PAX,19991227,11.25,11.44,10.81,11.00,84100
PAX,19991228,11.00,11.38,11.00,11.38,154300
PAX,19991229,11.25,11.25,11.00,11.12,87700
PAX,19991230,11.12,11.50,10.81,11.50,215600
PAX,19991231,11.25,11.94,11.06,11.94,111000
PAX,20000103,11.69,11.75,11.12,11.12,68900
PAX,20000104,11.12,11.31,10.88,11.00,112800
PAX,20000105,11.00,11.38,10.94,11.31,108400
PAX,20000106,11.25,11.81,11.00,11.38,194500
PAX,20000107,11.25,11.75,11.12,11.62,71700
PAX,20000110,11.75,11.81,11.50,11.69,66300
PAX,20000111,11.56,12.12,11.19,11.88,225400
PAX,20000112,11.75,11.94,11.62,11.69,153000
PAX,20000113,11.69,11.69,11.12,11.38,150900
PAX,20000114,11.62,11.62,11.12,11.12,91200
PAX,20000118,11.12,11.50,11.00,11.44,83600
PAX,20000119,11.69,11.75,11.25,11.62,65200
PAX,20000120,11.62,11.81,11.56,11.75,60400
PAX,20000121,11.75,11.81,11.25,11.38,94900
PAX,20000124,11.44,11.62,11.19,11.44,99000
PAX,20000125,11.50,11.62,11.25,11.31,81400
PAX,20000126,11.38,11.62,11.31,11.56,97000
PAX,20000127,11.38,11.62,11.31,11.62,93600
PAX,20000128,11.50,11.88,11.50,11.62,65700
PAX,20000131,11.75,11.81,11.31,11.62,99800
PAX,20000201,11.88,11.88,11.56,11.75,63500
PAX,20000202,11.69,11.88,11.62,11.88,112500
PAX,20000203,11.69,12.00,11.38,12.00,163100
PAX,20000204,12.12,12.50,11.75,12.00,87400
PAX,20000207,12.00,12.12,11.88,12.00,218100
PAX,20000208,12.00,12.31,11.88,12.12,160100
PAX,20000209,12.12,12.44,12.00,12.38,151100
PAX,20000210,12.44,12.50,12.12,12.31,126600
PAX,20000211,12.31,12.38,11.75,11.94,88700
PAX,20000214,12.00,12.00,11.81,11.94,42400
PAX,20000215,12.12,12.31,11.75,12.19,75500
PAX,20000216,12.19,12.25,12.00,12.19,77900
PAX,20000217,12.31,12.31,11.25,11.31,79500
PAX,20000218,11.88,11.88,11.38,11.69,42300
PAX,20000222,11.69,11.75,11.50,11.50,60800
PAX,20000223,11.50,11.75,11.50,11.75,63200
PAX,20000224,11.88,12.12,11.62,12.12,74000
PAX,20000225,11.62,11.69,11.31,11.69,33600
PAX,20000228,11.31,11.75,11.31,11.75,56300
PAX,20000229,11.75,11.75,9.88,10.25,513300
PAX,20000301,10.25,10.62,9.88,10.19,227100
PAX,20000302,10.00,10.06,9.75,9.88,66600
PAX,20000303,10.00,10.00,9.25,9.38,92800
PAX,20000306,9.12,9.38,8.88,9.12,144200
PAX,20000307,9.38,9.75,9.19,9.56,158900
PAX,20000308,9.75,9.75,9.38,9.69,59300
PAX,20000309,9.50,9.81,9.50,9.75,92600
PAX,20000310,9.50,9.75,9.50,9.50,87600
PAX,20000313,9.38,9.50,9.25,9.38,57000
PAX,20000314,9.44,9.62,8.88,9.50,118500
PAX,20000315,9.38,9.50,9.00,9.12,71300
PAX,20000316,9.50,9.81,9.38,9.75,105100
PAX,20000317,9.75,9.75,9.25,9.62,63300
PAX,20000320,9.62,9.62,8.88,9.00,53600
PAX,20000321,9.00,9.00,8.62,8.62,65800
PAX,20000322,8.69,8.69,8.00,8.25,428700
PAX,20000323,8.44,8.44,8.25,8.44,60600
PAX,20000324,8.38,8.56,8.38,8.38,161500
PAX,20000327,8.50,8.50,8.12,8.19,58500
PAX,20000328,8.12,8.19,8.06,8.06,61700
PAX,20000329,8.00,8.06,7.75,7.88,77100
PAX,20000330,7.88,8.00,7.75,7.81,104900
PAX,20000331,7.94,8.25,7.75,7.75,304700
PAX,20000403,7.62,7.88,7.50,7.62,75200
PAX,20000404,7.75,7.75,6.88,7.69,208400
PAX,20000405,7.50,7.94,7.31,7.75,402800
PAX,20000406,7.94,7.94,7.75,7.75,90700
PAX,20000407,7.75,7.88,7.62,7.62,83600
PAX,20000410,7.88,8.00,7.75,7.81,105000
PAX,20000411,7.88,7.88,7.69,7.88,77700
PAX,20000412,7.75,7.81,7.50,7.50,74700
PAX,20000413,7.50,7.50,6.88,6.88,76100
PAX,20000414,6.88,6.88,6.00,6.31,283200
PAX,20000417,6.12,6.50,5.88,6.12,172100
PAX,20000418,6.44,7.44,6.25,7.38,220700
PAX,20000419,7.62,7.62,6.88,7.12,133600
PAX,20000420,7.12,7.38,7.12,7.12,64400
PAX,20000424,7.00,7.00,6.50,6.94,104600
PAX,20000425,7.00,7.19,6.75,7.12,63400
PAX,20000426,7.25,8.00,7.19,8.00,456100
PAX,20000427,8.00,8.50,7.75,8.50,106800
PAX,20000428,8.50,8.75,8.19,8.19,141900
PAX,20000501,8.12,8.12,7.75,7.88,46800
PAX,20000502,8.00,8.12,7.69,8.12,93500
PAX,20000503,8.38,8.50,7.50,7.50,43800
PAX,20000504,7.50,8.06,7.50,7.88,34300
PAX,20000505,8.06,8.38,8.00,8.00,24100
PAX,20000508,8.00,8.12,7.75,7.81,16200
PAX,20000509,7.81,8.00,7.62,8.00,32000
PAX,20000510,7.88,7.88,6.94,7.38,57100
PAX,20000511,7.25,7.88,7.12,7.81,42300
PAX,20000512,7.81,8.00,7.62,8.00,53100
PAX,20000515,7.88,7.94,7.25,7.56,68000
PAX,20000516,7.75,7.75,7.50,7.56,35900
PAX,20000517,7.62,7.75,7.44,7.62,21100
PAX,20000518,7.50,7.69,6.88,7.12,57300
PAX,20000519,7.00,7.25,6.75,7.12,45400
PAX,20000522,7.00,7.75,6.75,7.62,74700
PAX,20000523,7.62,7.62,7.12,7.12,17200
PAX,20000524,7.38,7.50,7.12,7.31,53400
PAX,20000525,7.38,7.50,7.00,7.25,43400
PAX,20000526,7.38,7.38,7.00,7.00,30900
PAX,20000530,7.12,7.12,6.88,7.12,47600
PAX,20000531,7.25,7.75,7.00,7.75,120800
PAX,20000601,7.75,7.75,7.31,7.38,70400
PAX,20000602,7.38,8.00,7.06,8.00,202200
PAX,20000605,7.75,7.88,7.50,7.88,80400
PAX,20000606,7.88,7.88,7.56,7.62,41600
PAX,20000607,7.56,8.38,7.56,8.31,113600
PAX,20000608,8.25,8.88,7.88,8.88,179700
PAX,20000609,8.88,9.00,8.38,8.88,86500
PAX,20000612,8.88,8.88,8.25,8.31,29700
PAX,20000613,8.31,8.31,7.94,8.12,18800
PAX,20000614,8.12,8.12,7.88,7.88,47200
PAX,20000615,7.88,8.31,7.81,8.31,26400
PAX,20000616,8.38,8.50,8.38,8.38,65900
PAX,20000619,8.38,8.38,8.00,8.00,15100
PAX,20000620,7.88,8.50,7.56,8.50,60500
PAX,20000621,8.31,8.50,8.12,8.12,37200
PAX,20000622,8.00,8.25,7.75,7.88,21800
PAX,20000623,8.00,8.00,7.75,7.81,9500
PAX,20000626,7.88,8.00,7.75,7.88,43200
PAX,20000627,8.00,8.00,7.62,7.75,26800
PAX,20000628,7.88,7.88,7.69,7.75,35200
PAX,20000629,7.56,8.88,7.56,8.69,109500
PAX,20000630,8.62,8.62,8.00,8.00,100800
PAX,20000703,8.12,8.50,8.06,8.38,28500
PAX,20000705,8.25,8.62,8.12,8.44,66700
PAX,20000706,8.38,8.94,8.38,8.75,539800
PAX,20000707,8.75,9.00,8.62,9.00,262500
PAX,20000710,9.00,9.00,8.38,8.62,98400
PAX,20000711,8.88,9.00,8.62,8.69,81600
PAX,20000712,8.94,8.94,8.62,8.88,61900
PAX,20000713,8.88,9.44,8.75,9.38,205000
PAX,20000714,9.50,9.50,9.06,9.38,130600
PAX,20000717,9.25,10.12,9.25,10.00,268500
PAX,20000718,10.00,10.62,10.00,10.62,279600
PAX,20000719,10.62,10.62,9.88,10.25,159100
PAX,20000720,10.12,10.25,10.00,10.12,57100
PAX,20000721,10.12,10.50,10.00,10.25,88500
PAX,20000724,10.50,10.50,9.94,10.00,37900
PAX,20000725,9.88,10.00,9.50,9.75,70200
PAX,20000726,10.00,10.25,9.62,10.00,47000
PAX,20000727,10.00,10.62,9.88,10.50,303000
PAX,20000728,10.50,10.50,10.25,10.50,84300
PAX,20000731,10.38,11.00,10.12,10.38,125000
PAX,20000801,10.38,10.38,9.88,10.00,24800
PAX,20000802,9.88,9.88,9.56,9.75,20900
PAX,20000803,9.56,10.25,9.25,10.25,260900
PAX,20000804,10.00,10.31,9.75,10.31,112000
PAX,20000807,10.25,10.25,9.88,9.94,15500
PAX,20000808,10.00,10.00,9.50,9.69,31200
PAX,20000809,9.62,10.25,9.50,10.25,104400
PAX,20000810,10.38,10.62,10.12,10.25,785300
PAX,20000811,11.25,13.25,11.12,13.19,1509500
PAX,20000814,13.50,14.00,12.00,13.38,1525400
PAX,20000815,13.44,13.81,12.81,13.81,526000
PAX,20000816,13.94,14.81,13.50,13.75,632200
PAX,20000817,13.94,13.94,13.00,13.00,426200
PAX,20000818,13.00,13.75,13.00,13.50,224300
PAX,20000821,13.50,13.56,12.62,13.56,152600
PAX,20000822,13.19,13.38,12.62,12.75,92400
PAX,20000823,13.00,13.12,12.25,12.50,106700
PAX,20000824,12.94,12.94,12.12,12.81,169700
PAX,20000825,12.69,12.88,12.56,12.81,51600
PAX,20000828,12.88,13.00,12.50,13.00,88200
PAX,20000829,13.00,13.25,12.75,12.94,57700
PAX,20000830,13.00,13.00,12.75,13.00,121500
PAX,20000831,12.75,13.75,12.62,13.75,140400
PAX,20000901,13.75,13.94,13.00,13.19,80900
PAX,20000905,13.38,13.38,12.75,13.19,31800
PAX,20000906,13.19,13.19,12.75,12.88,134600
PAX,20000907,13.12,13.12,12.75,13.00,50000
PAX,20000908,13.12,13.12,12.56,12.69,49100
PAX,20000911,12.62,12.88,12.56,12.88,15100
PAX,20000912,12.88,13.00,12.50,12.88,66900
PAX,20000913,12.75,12.81,11.75,12.81,124800
PAX,20000914,12.94,12.94,12.25,12.62,44600
PAX,20000915,11.88,12.25,11.62,11.75,94800
PAX,20000918,11.50,12.00,11.38,12.00,79300
PAX,20000919,12.12,12.12,11.44,11.75,33100
PAX,20000920,11.75,11.75,11.25,11.31,25100
PAX,20000921,11.25,11.31,10.81,11.00,42400
PAX,20000922,10.75,10.88,10.12,10.25,89700
PAX,20000925,10.19,10.75,10.19,10.75,43300
PAX,20000926,10.62,10.75,10.50,10.75,103800
PAX,20000927,10.62,11.50,10.56,11.50,54900
PAX,20000928,11.44,11.88,11.25,11.56,62100
PAX,20000929,11.62,11.62,11.31,11.50,78100
PAX,20001002,11.44,11.50,11.06,11.06,25800
PAX,20001003,11.25,11.38,10.88,11.00,16400
PAX,20001004,10.88,11.00,10.62,10.75,15700
PAX,20001005,10.38,10.62,10.19,10.38,54100
PAX,20001006,10.62,10.62,10.00,10.12,67400
PAX,20001009,10.00,10.25,10.00,10.25,35800
PAX,20001010,10.25,10.31,10.12,10.19,43300
PAX,20001011,10.44,10.44,10.00,10.25,61000
PAX,20001012,10.38,10.38,9.50,9.75,100100
PAX,20001013,9.88,10.12,9.75,9.81,30100
PAX,20001016,10.06,10.06,9.75,9.75,31400
PAX,20001017,9.62,9.62,9.12,9.12,17100
PAX,20001018,8.75,9.88,8.62,9.44,54800
PAX,20001019,9.62,10.12,9.62,9.88,36000
PAX,20001020,9.62,9.75,9.38,9.62,43800
PAX,20001023,9.50,9.69,9.19,9.19,175800
PAX,20001024,9.06,9.50,9.00,9.38,31600
PAX,20001025,9.44,10.12,9.19,9.75,32700
PAX,20001026,10.00,10.50,9.69,10.38,105200
PAX,20001027,10.38,11.50,10.38,11.19,71600
PAX,20001030,11.25,11.88,11.25,11.62,65000
PAX,20001031,11.50,11.69,10.88,11.38,39400
PAX,20001101,11.44,11.44,10.88,10.88,26900
PAX,20001102,10.62,11.12,10.38,11.12,40300
PAX,20001103,10.75,11.12,10.75,10.94,19000
PAX,20001106,10.75,11.31,10.62,11.00,27400
PAX,20001107,11.06,11.88,10.88,11.69,20500
PAX,20001108,11.44,11.75,11.44,11.50,67100
PAX,20001109,11.62,11.62,10.75,10.88,113200
PAX,20001110,10.94,11.12,9.88,10.06,651100
PAX,20001113,9.88,10.44,9.75,10.44,21900
PAX,20001114,10.25,10.88,10.12,10.88,129800
PAX,20001115,11.00,11.44,10.75,11.31,91500
PAX,20001116,11.38,11.50,11.19,11.50,65000
PAX,20001117,11.50,11.62,11.25,11.44,45400
PAX,20001120,11.38,11.38,10.38,10.38,73400
PAX,20001121,10.25,11.12,10.12,10.94,33900
PAX,20001122,10.69,10.75,10.19,10.62,34000
PAX,20001124,10.56,10.56,10.31,10.50,21200
PAX,20001127,10.50,10.50,10.12,10.25,61200
PAX,20001128,10.31,10.31,9.56,9.75,87600
PAX,20001129,9.62,9.69,9.00,9.12,66700
PAX,20001130,9.12,9.75,9.00,9.69,83800
PAX,20001201,9.69,9.69,8.81,9.25,210200
PAX,20001204,9.25,9.38,8.75,9.00,101800
PAX,20001205,9.12,9.31,8.94,9.19,134600
PAX,20001206,9.06,9.12,8.62,8.75,41000
PAX,20001207,8.75,8.88,8.69,8.75,56800
PAX,20001208,8.88,9.75,8.75,9.50,217100
PAX,20001211,9.88,10.25,9.62,10.00,279600
PAX,20001212,10.25,10.25,9.94,10.12,101700
PAX,20001213,10.00,10.19,9.94,10.12,99000
PAX,20001214,10.38,10.38,9.94,10.00,97700
PAX,20001215,10.00,10.12,9.88,10.00,91100
PAX,20001218,10.00,10.25,9.75,9.94,150400
PAX,20001219,10.00,10.00,9.50,9.69,61000
PAX,20001220,9.69,9.81,9.06,9.81,161100
PAX,20001221,9.88,9.88,9.12,9.62,141500
PAX,20001222,9.75,10.69,9.75,10.69,109200
PAX,20001226,10.50,10.75,10.06,10.12,46300
PAX,20001227,10.25,10.31,10.00,10.06,60400
PAX,20001228,10.12,10.19,9.94,10.00,102200
PAX,20001229,10.12,11.94,10.12,11.94,550600
PAX,20010102,11.75,11.88,11.25,11.56,274300
PAX,20010103,11.62,12.19,11.50,12.19,179100
PAX,20010104,12.00,12.19,11.56,11.56,225400
PAX,20010105,11.62,11.62,11.00,11.06,166800
PAX,20010108,11.06,11.12,10.81,11.12,117700
PAX,20010109,11.12,11.12,10.94,11.00,62000
PAX,20010110,11.00,11.12,11.00,11.12,53600
PAX,20010111,11.25,11.75,10.88,11.75,476400
PAX,20010112,11.75,11.75,11.50,11.56,55600
PAX,20010116,11.62,11.94,11.25,11.88,190900
PAX,20010117,11.88,11.94,11.62,11.62,62400
PAX,20010118,11.50,11.81,11.50,11.81,63600
PAX,20010119,11.56,11.69,11.25,11.50,69300
PAX,20010122,11.50,11.50,10.94,11.38,64200
PAX,20010123,11.44,11.62,11.25,11.56,177100
PAX,20010124,11.62,12.25,11.25,11.62,513000
PAX,20010125,11.75,11.88,11.25,11.75,161600
PAX,20010126,11.94,12.25,11.62,12.25,244100
PAX,20010129,12.10,12.40,12.10,12.35,277800
PAX,20010130,12.35,12.45,12.00,12.38,37300
PAX,20010131,12.40,12.48,12.00,12.38,112400
PAX,20010201,12.38,12.38,11.30,11.40,69600
PAX,20010202,11.40,11.40,10.60,10.70,69500
PAX,20010205,10.99,11.00,10.66,10.80,22300
PAX,20010206,10.98,11.00,10.62,10.97,94100
PAX,20010207,10.97,11.65,10.97,11.65,54900
PAX,20010208,11.60,11.95,11.52,11.89,112300
PAX,20010209,11.89,11.89,11.45,11.75,70000
PAX,20010212,11.60,11.85,11.49,11.59,50900
PAX,20010213,11.79,11.79,11.51,11.74,28300
PAX,20010214,11.80,11.98,11.37,11.75,62900
PAX,20010215,11.87,11.90,11.50,11.74,35500
PAX,20010216,11.50,11.75,11.30,11.30,43800
PAX,20010220,11.35,11.50,11.20,11.24,32300
PAX,20010221,11.49,11.60,10.40,10.40,176300
PAX,20010222,10.50,10.82,10.05,10.82,143300
PAX,20010223,10.90,10.90,9.82,10.84,65500
PAX,20010226,10.99,10.99,10.37,10.75,22500
PAX,20010227,10.00,10.74,10.00,10.73,74800
PAX,20010228,10.74,10.74,10.20,10.73,113400
PAX,20010301,10.73,10.73,10.00,10.34,224100
PAX,20010302,10.30,10.49,10.00,10.37,711100
PAX,20010305,10.50,10.62,10.23,10.50,114700
PAX,20010306,10.38,10.75,10.38,10.75,145700
PAX,20010307,10.50,10.99,10.25,10.40,187700
PAX,20010308,10.49,10.99,10.19,10.99,225900
PAX,20010309,10.75,10.98,10.61,10.70,33900
PAX,20010312,10.70,10.70,10.01,10.20,90600
PAX,20010313,10.50,10.50,10.05,10.23,54000
PAX,20010314,10.00,10.30,9.89,10.00,144900
PAX,20010315,10.00,10.29,10.00,10.19,157200
PAX,20010316,10.28,10.28,10.01,10.10,130300
PAX,20010319,10.00,10.25,9.87,10.25,42900
PAX,20010320,10.00,10.62,9.87,10.24,34700
PAX,20010321,10.35,10.35,9.75,10.10,60700
PAX,20010322,10.00,10.00,8.75,9.55,109000
PAX,20010323,9.55,9.70,9.20,9.40,81900
PAX,20010326,9.20,10.25,9.00,10.00,67200
PAX,20010327,9.87,10.30,9.50,9.80,130300
PAX,20010328,9.80,9.80,9.25,9.60,61500
PAX,20010329,9.50,9.54,9.21,9.54,108400
PAX,20010330,9.54,10.20,9.30,9.75,320800
PAX,20010402,10.00,10.50,9.76,10.00,38600
PAX,20010403,10.25,10.50,9.70,10.24,124400
PAX,20010404,9.75,10.10,9.75,9.99,144300
PAX,20010405,10.25,10.60,10.00,10.00,92600
PAX,20010406,10.12,10.69,10.00,10.30,206100
PAX,20010409,10.55,10.70,10.12,10.25,25700
PAX,20010410,10.00,10.69,10.00,10.69,116900
PAX,20010411,10.74,10.74,10.04,10.50,36700
PAX,20010412,10.25,10.70,10.20,10.70,15600
PAX,20010416,10.50,10.70,10.50,10.55,70800
PAX,20010417,10.60,10.70,10.32,10.60,43500
PAX,20010418,10.74,11.00,10.50,10.95,202200
PAX,20010419,11.05,11.30,11.00,11.22,138700
PAX,20010420,11.12,11.76,11.12,11.37,98000
PAX,20010423,11.47,11.47,10.70,11.20,54300
PAX,20010424,11.15,11.37,11.10,11.30,89500
PAX,20010425,11.30,12.15,11.30,12.15,132300
PAX,20010426,12.25,12.45,12.25,12.34,222700
PAX,20010427,12.50,12.62,12.25,12.49,96700
PAX,20010430,12.65,12.90,12.51,12.76,329400
PAX,20010501,12.75,12.99,12.75,12.94,66300
PAX,20010502,12.99,12.99,12.75,12.95,143900
PAX,20010503,12.85,12.94,12.25,12.93,78800
PAX,20010504,12.80,13.24,12.75,13.00,133800
PAX,20010507,13.24,13.24,12.50,12.85,65700
PAX,20010508,12.95,12.95,12.17,12.39,30800
PAX,20010509,12.25,12.50,12.00,12.34,59500
PAX,20010510,12.40,12.40,11.95,11.95,106400
PAX,20010511,11.80,12.04,11.53,11.86,64300
PAX,20010514,11.74,11.98,11.56,11.74,27300
PAX,20010515,11.85,11.85,11.55,11.74,30300
PAX,20010516,11.75,12.25,11.65,12.10,329400
PAX,20010517,12.40,12.49,12.11,12.14,187400
PAX,20010518,12.14,12.35,12.10,12.30,179900
PAX,20010521,12.35,12.50,12.30,12.50,240900
PAX,20010522,12.75,14.00,12.75,13.50,564300
PAX,20010523,13.70,13.70,12.58,12.67,94800
PAX,20010524,12.69,12.90,12.40,12.90,88100
PAX,20010525,12.80,12.80,12.30,12.65,75900
PAX,20010529,12.80,12.90,12.10,12.10,69000
PAX,20010530,12.10,12.24,11.75,12.24,142700
PAX,20010531,12.12,12.60,11.91,12.40,91400
PAX,20010601,12.45,12.49,12.00,12.29,92500
PAX,20010604,12.00,12.10,11.65,11.75,933700
PAX,20010605,12.00,13.12,11.90,12.30,164200
PAX,20010606,12.48,12.65,12.10,12.48,100000
PAX,20010607,12.60,12.84,12.00,12.56,107000
PAX,20010608,12.68,12.74,12.15,12.50,65200
PAX,20010611,12.65,12.74,12.20,12.26,25600
PAX,20010612,12.05,12.50,12.00,12.44,61500
PAX,20010613,12.56,12.56,12.05,12.44,22900
PAX,20010614,12.45,12.45,11.93,12.19,53600
PAX,20010615,12.00,12.00,11.65,11.84,73300
PAX,20010618,11.75,12.25,11.75,12.12,98500
PAX,20010619,12.37,12.37,11.70,11.90,33700
PAX,20010620,11.98,11.98,11.50,11.89,49600
PAX,20010621,11.89,12.04,11.75,11.90,79100
PAX,20010622,11.97,11.97,11.50,11.89,35200
PAX,20010625,11.75,11.82,11.40,11.67,44700
PAX,20010626,11.67,12.10,11.26,11.62,70000
PAX,20010627,11.65,11.65,11.12,11.62,54200
PAX,20010628,11.70,11.70,11.27,11.62,71000
PAX,20010629,11.89,13.50,11.50,13.40,250000
PAX,20010702,12.75,12.75,11.45,11.50,228400
PAX,20010703,11.73,12.62,11.50,12.40,91600
PAX,20010705,12.49,12.49,11.95,12.05,44400
PAX,20010706,12.17,12.17,11.69,11.95,62100
PAX,20010709,11.95,12.20,11.10,11.53,89200
PAX,20010710,11.30,11.60,11.25,11.25,125300
PAX,20010711,11.50,11.84,11.26,11.70,47300
PAX,20010712,11.85,12.00,11.50,11.74,51100
PAX,20010713,11.75,11.90,11.50,11.74,23300
PAX,20010716,11.90,12.05,11.60,11.77,65000
PAX,20010717,11.89,11.89,11.60,11.80,23600
PAX,20010718,11.99,11.99,11.55,11.74,36600
PAX,20010719,11.80,11.85,11.56,11.60,91100
PAX,20010720,11.51,11.82,11.48,11.74,47100
PAX,20010723,11.52,11.75,11.52,11.54,27800
PAX,20010724,11.51,11.63,11.50,11.50,51500
PAX,20010725,11.50,11.74,11.50,11.61,40300
PAX,20010727,11.84,11.84,11.60,11.84,116000
PAX,20010730,11.99,11.99,11.50,11.52,63700
PAX,20010731,11.30,11.70,11.30,11.51,396500
PAX,20010801,11.69,11.75,11.55,11.74,50200
PAX,20010802,11.75,11.75,11.61,11.70,43200
PAX,20010803,11.67,11.75,11.30,11.62,68000
PAX,20010806,11.75,11.75,11.60,11.70,90900
PAX,20010807,11.74,11.75,11.51,11.52,70500
PAX,20010808,11.62,11.75,11.00,11.24,183000
PAX,20010809,11.44,11.50,11.29,11.49,95500
PAX,20010810,11.49,11.50,11.25,11.37,30100
PAX,20010813,11.37,11.40,10.98,11.25,25600
PAX,20010814,11.00,11.24,10.97,11.06,19000
PAX,20010815,10.82,10.87,10.25,10.51,68700
PAX,20010816,10.51,10.60,10.20,10.54,93600
PAX,20010817,10.40,10.65,10.25,10.50,20800
PAX,20010820,10.30,10.60,9.75,9.75,52300
PAX,20010821,9.50,9.85,9.00,9.55,369700
PAX,20010822,9.50,10.12,9.50,10.11,31400
PAX,20010823,9.99,10.00,9.65,9.70,33100
PAX,20010824,9.75,9.99,9.55,9.70,93800
PAX,20010827,9.70,10.10,9.70,9.80,42000
PAX,20010828,9.80,9.87,9.50,9.50,35000
PAX,20010829,9.75,9.75,9.50,9.60,58400
PAX,20010830,9.55,9.74,9.55,9.65,57400
PAX,20010831,9.55,9.80,9.52,9.55,170000
PAX,20010904,9.55,9.60,9.30,9.30,40200
PAX,20010905,9.50,9.70,9.26,9.55,51300
PAX,20010906,9.55,9.62,9.26,9.39,45200
PAX,20010907,9.39,9.39,9.05,9.25,52400
PAX,20010910,9.00,9.25,9.00,9.24,327700
PAX,20010917,8.90,9.10,8.80,9.10,388300
PAX,20010918,9.10,9.15,9.00,9.00,255400
PAX,20010919,9.25,9.25,8.32,8.82,77800
PAX,20010920,8.45,8.70,7.87,7.87,116600
PAX,20010921,7.62,8.00,7.55,7.86,61600
PAX,20010924,8.06,8.15,7.51,7.91,92400
PAX,20010925,8.10,8.14,7.50,7.93,80700
PAX,20010926,8.05,8.05,7.54,7.80,42700
PAX,20010927,7.80,7.80,7.10,7.25,153100
PAX,20010928,7.25,7.50,7.00,7.20,302200
PAX,20011001,7.15,7.15,6.85,7.06,179100
PAX,20011002,7.30,7.60,7.07,7.28,81100
PAX,20011003,7.48,7.50,7.19,7.47,135100
PAX,20011004,7.72,8.15,7.60,8.00,338700
PAX,20011005,8.00,8.20,7.45,8.20,102300
PAX,20011008,8.08,8.19,7.60,7.61,50900
PAX,20011009,7.65,7.90,7.20,7.70,109300
PAX,20011010,7.80,7.80,7.17,7.40,208300
PAX,20011011,7.40,7.42,7.09,7.10,149700
PAX,20011012,7.15,7.38,7.00,7.14,64900
PAX,20011015,7.14,7.47,7.10,7.40,197900
PAX,20011016,7.31,7.90,7.31,7.90,190800
PAX,20011017,7.90,8.50,7.85,8.40,279600
PAX,20011018,8.65,8.75,8.35,8.53,247500
PAX,20011019,8.20,8.69,8.20,8.48,119600
PAX,20011022,8.28,8.35,7.91,8.09,69200
PAX,20011023,8.09,8.24,7.76,7.90,42900
PAX,20011024,7.99,7.99,7.74,7.85,27200
PAX,20011025,7.78,8.60,7.70,8.53,86400
PAX,20011026,8.08,8.34,8.00,8.07,215000
PAX,20011029,8.07,8.16,8.00,8.10,146700
PAX,20011030,8.17,8.17,8.08,8.10,59500
PAX,20011031,8.17,8.50,8.01,8.50,428200
PAX,20011101,8.20,8.20,8.00,8.17,103700
PAX,20011102,8.00,8.10,7.95,8.00,25600
PAX,20011105,7.96,8.60,7.96,8.59,86700
PAX,20011106,8.35,8.70,8.31,8.70,32700
PAX,20011107,8.55,8.72,8.30,8.60,66700
PAX,20011108,8.50,8.50,8.21,8.47,81300
PAX,20011109,8.69,8.75,8.51,8.75,87800
PAX,20011112,8.75,9.13,8.65,9.05,176800
PAX,20011113,9.10,9.35,9.10,9.16,315600
PAX,20011114,9.11,9.35,9.05,9.20,47300
PAX,20011115,9.34,9.34,8.73,9.00,60100
PAX,20011116,9.10,9.25,8.75,9.20,62900
PAX,20011119,9.32,9.35,8.88,9.30,59300
PAX,20011120,9.20,9.36,8.75,8.99,35300
PAX,20011121,8.76,9.00,8.70,8.99,46700
PAX,20011123,9.24,9.24,9.00,9.08,19200
PAX,20011126,9.09,9.09,8.76,8.90,73100
PAX,20011127,8.99,9.00,8.76,9.00,27100
PAX,20011128,8.81,9.05,8.80,8.80,42800
PAX,20011129,8.90,9.20,8.75,9.20,47900
PAX,20011130,9.24,9.35,8.75,9.34,73900
PAX,20011203,9.22,9.22,8.91,8.95,34800
PAX,20011204,9.05,9.76,9.00,9.75,102900
PAX,20011205,9.74,10.25,9.45,10.25,397400
PAX,20011206,10.25,10.30,10.01,10.25,297900
PAX,20011207,10.01,10.50,10.01,10.25,77500
PAX,20011210,10.37,10.37,10.08,10.11,27800
PAX,20011211,10.05,10.25,10.05,10.25,57800
PAX,20011212,10.12,10.30,10.12,10.30,71900
PAX,20011213,10.25,10.25,9.91,9.99,634500
PAX,20011214,9.90,9.92,9.75,9.76,45800
PAX,20011217,9.75,10.22,9.75,10.20,64400
PAX,20011218,10.10,10.50,10.10,10.25,130100
PAX,20011219,10.12,10.29,10.03,10.12,40200
PAX,20011220,10.10,10.10,9.70,9.70,56600
PAX,20011221,9.89,10.11,9.80,10.08,177100
PAX,20011224,10.05,10.35,10.00,10.30,43100
PAX,20011226,10.26,10.49,10.21,10.40,55500
PAX,20011227,10.25,10.50,10.20,10.28,62300
PAX,20011228,10.28,10.40,10.20,10.35,101100
PAX,20011231,10.25,10.49,10.06,10.45,70700
PAX,20020102,10.28,10.59,9.70,10.52,69700
PAX,20020103,10.52,10.74,10.45,10.70,129800
PAX,20020104,10.65,10.70,10.27,10.60,50400
PAX,20020107,10.74,10.78,10.36,10.40,43600
PAX,20020108,10.45,10.53,10.30,10.50,67000
PAX,20020109,10.59,11.00,10.35,10.35,142600
PAX,20020110,10.75,10.80,10.55,10.80,222200
PAX,20020111,10.82,10.82,10.55,10.59,40300
PAX,20020114,10.62,10.62,10.30,10.45,168000
PAX,20020115,10.40,10.78,10.10,10.78,768200
PAX,20020116,10.88,10.88,10.50,10.74,58200
PAX,20020117,10.62,10.75,10.40,10.70,85900
PAX,20020118,10.71,10.71,10.03,10.15,127700
PAX,20020122,10.15,10.38,10.10,10.30,47100
PAX,20020123,10.35,10.35,10.00,10.19,16400
PAX,20020124,10.19,10.19,9.87,10.18,49800
PAX,20020125,10.10,10.24,10.00,10.10,57000
PAX,20020128,10.25,10.25,9.93,9.99,78300
PAX,20020129,10.00,10.00,9.37,9.40,178800
PAX,20020130,9.52,9.77,9.10,9.77,123700
PAX,20020131,9.77,9.80,9.25,9.80,161000
PAX,20020201,9.80,9.80,9.31,9.40,50500
PAX,20020204,9.45,9.50,8.50,8.70,78000
PAX,20020205,8.80,9.00,8.65,9.00,61000
PAX,20020206,8.90,9.00,8.72,8.94,42600
PAX,20020207,9.05,9.10,8.89,9.00,71700
PAX,20020208,8.88,9.24,8.88,9.08,37500
PAX,20020211,8.96,9.06,8.72,9.06,85800
PAX,20020212,8.94,9.22,8.94,9.21,41600
PAX,20020213,9.33,9.87,9.33,9.70,57200
PAX,20020214,9.82,9.82,9.35,9.50,54000
PAX,20020215,9.38,9.50,9.30,9.30,54900
PAX,20020219,9.30,9.30,8.79,8.90,33000
PAX,20020220,9.05,9.86,8.80,9.67,364400
PAX,20020221,9.75,10.30,9.75,9.91,352500
PAX,20020222,10.00,10.49,10.00,10.49,185000
PAX,20020225,10.49,10.50,10.22,10.50,144500
PAX,20020226,10.50,10.50,10.05,10.24,68000
PAX,20020227,10.20,10.30,10.00,10.05,40600
PAX,20020228,10.00,10.39,10.00,10.30,66600
PAX,20020301,10.40,10.50,10.23,10.50,84500
PAX,20020304,10.65,10.65,10.15,10.28,117500
PAX,20020305,10.35,10.60,10.25,10.60,105600
PAX,20020306,10.60,11.24,10.50,11.06,310600
PAX,20020307,10.99,11.17,10.83,10.85,100200
PAX,20020308,10.80,11.12,10.45,10.75,118900
PAX,20020311,10.75,11.00,10.75,11.00,149000
PAX,20020312,11.00,11.00,10.80,10.80,84600
PAX,20020313,10.92,11.12,10.60,10.60,38700
PAX,20020314,10.60,12.00,10.60,11.79,773800
PAX,20020315,11.85,13.00,11.85,12.53,908200
PAX,20020318,12.75,12.75,11.75,12.49,264700
PAX,20020319,12.49,12.49,11.95,11.98,390900
PAX,20020320,11.61,11.98,11.40,11.51,221900
PAX,20020321,11.60,11.60,11.10,11.10,162600
PAX,20020322,11.00,11.85,10.87,11.48,171500
PAX,20020325,11.36,11.81,11.36,11.45,78200
PAX,20020326,11.60,11.74,11.30,11.59,79100
PAX,20020327,11.59,11.59,10.86,10.86,106100
PAX,20020328,10.95,11.25,10.95,10.96,126700
PAX,20020401,10.71,10.88,10.64,10.76,97200
PAX,20020402,10.80,11.03,10.71,10.76,90800
PAX,20020403,11.05,11.05,10.26,10.55,66900
PAX,20020404,10.55,10.75,10.43,10.43,129600
PAX,20020405,10.85,11.00,10.50,10.64,76900
PAX,20020408,10.76,10.85,10.67,10.77,83000
PAX,20020409,10.84,11.10,10.77,10.78,235000
PAX,20020410,10.99,11.25,10.95,11.25,153500
PAX,20020411,11.15,11.24,10.88,10.95,206300
PAX,20020412,11.00,11.05,10.94,11.00,113900
PAX,20020415,10.99,11.24,10.75,11.24,762800
PAX,20020416,11.20,11.49,11.16,11.30,145700
PAX,20020417,11.30,11.30,10.90,10.90,145500
PAX,20020418,10.90,11.00,10.75,10.89,60200
PAX,20020419,10.55,10.68,10.40,10.45,279100
PAX,20020422,10.55,10.69,10.45,10.69,71500
PAX,20020423,10.79,10.85,10.53,10.74,66700
PAX,20020424,10.83,10.84,10.50,10.50,145100
PAX,20020425,10.50,10.73,10.45,10.62,87600
PAX,20020426,10.62,10.74,10.15,10.15,109200
PAX,20020429,10.15,10.49,10.10,10.49,129400
PAX,20020430,10.35,10.60,10.34,10.60,77900
PAX,20020501,10.65,10.66,10.33,10.60,73300
PAX,20020502,10.55,10.60,10.40,10.50,147300
PAX,20020503,10.40,10.40,9.81,10.00,108500
PAX,20020506,10.15,10.76,10.15,10.65,152000
PAX,20020507,10.66,10.98,10.51,10.60,95000
PAX,20020508,10.72,11.13,10.72,11.10,212400
PAX,20020509,11.10,11.15,10.60,10.80,255300
PAX,20020510,10.90,10.90,9.91,10.10,167500
PAX,20020513,10.00,10.44,9.76,10.44,186500
PAX,20020514,10.50,10.85,10.37,10.71,73200
PAX,20020515,10.71,10.71,10.33,10.39,110400
PAX,20020516,10.29,10.37,9.95,10.11,102300
PAX,20020517,10.15,10.35,10.10,10.26,50300
PAX,20020520,10.26,10.26,9.90,9.99,170400
PAX,20020521,9.80,10.16,9.61,9.61,178800
PAX,20020522,9.75,10.00,9.62,9.62,80200
PAX,20020523,9.73,9.73,9.07,9.36,141700
PAX,20020524,9.46,9.50,9.24,9.45,152600
PAX,20020528,9.65,9.65,8.80,8.84,169600
PAX,20020529,8.70,8.84,7.75,8.49,151500
PAX,20020530,8.35,9.19,8.30,9.19,387000
PAX,20020531,9.30,9.35,9.00,9.20,70600
PAX,20020603,9.15,9.20,8.50,8.60,169900
PAX,20020604,8.70,8.90,8.50,8.89,135700
PAX,20020605,8.85,8.98,8.60,8.70,167500
PAX,20020606,8.70,8.70,7.82,8.00,403100
PAX,20020607,8.00,8.30,7.91,8.24,183400
PAX,20020610,8.18,8.49,8.06,8.43,62300
PAX,20020611,8.50,8.75,8.09,8.12,108600
PAX,20020612,8.19,8.65,8.00,8.65,144700
PAX,20020613,8.75,8.75,7.15,7.29,192200
PAX,20020614,7.17,7.18,6.85,7.00,232700
PAX,20020617,6.91,7.50,6.91,7.34,136500
PAX,20020618,7.74,7.74,7.31,7.50,109400
PAX,20020619,7.65,7.65,6.85,6.85,168500
PAX,20020620,6.86,7.29,6.80,7.25,138100
PAX,20020621,7.35,7.51,6.75,6.85,102500
PAX,20020624,7.00,7.00,6.25,6.36,162000
PAX,20020625,6.40,6.44,6.20,6.30,129400
PAX,20020626,6.20,6.27,5.80,5.80,99800
PAX,20020627,5.92,6.05,5.52,5.76,102200
PAX,20020628,5.99,6.15,5.50,5.50,196700
PAX,20020701,6.00,6.15,4.84,4.95,284700
PAX,20020702,5.30,5.30,2.45,3.00,1481600
PAX,20020703,3.25,3.25,2.86,2.90,869800
PAX,20020705,3.10,3.30,3.00,3.17,418700
PAX,20020708,3.25,3.51,3.16,3.24,304800
PAX,20020709,3.26,3.26,3.03,3.21,177400
PAX,20020710,3.11,3.24,2.91,2.92,519400
PAX,20020711,3.02,3.30,2.80,2.90,716900
PAX,20020712,2.99,3.64,2.84,3.25,249700
PAX,20020715,3.35,3.38,2.91,3.10,145300
PAX,20020716,3.22,3.22,2.86,2.99,224900
PAX,20020717,2.90,3.00,2.71,2.97,152600
PAX,20020718,3.10,3.62,3.02,3.02,237800
PAX,20020719,3.12,3.19,2.87,3.00,73600
PAX,20020722,2.90,3.09,2.80,3.09,71100
PAX,20020723,3.15,3.19,2.55,2.69,140000
PAX,20020724,2.69,3.00,2.43,2.89,120400
PAX,20020725,2.95,3.05,2.48,2.48,91800
PAX,20020726,2.50,2.60,2.39,2.60,139500
PAX,20020729,2.58,3.00,2.58,2.90,200100
PAX,20020730,2.90,2.90,2.67,2.69,83000
PAX,20020731,2.67,2.70,2.32,2.35,79000
PAX,20020801,2.34,2.50,2.33,2.39,505200
PAX,20020802,2.38,2.45,2.19,2.21,456900
PAX,20020805,2.25,2.34,2.10,2.20,73200
PAX,20020806,2.20,2.65,2.10,2.15,449600
PAX,20020807,2.25,2.83,2.21,2.83,106200
PAX,20020808,2.85,3.01,2.85,2.98,182200
PAX,20020809,3.10,3.25,2.83,3.19,112100
PAX,20020812,3.11,3.34,3.10,3.19,80000
PAX,20020813,3.30,3.45,3.15,3.15,105100
PAX,20020814,3.25,3.25,2.45,2.60,187300
PAX,20020815,2.65,2.79,2.51,2.55,104500
PAX,20020816,2.55,2.65,2.46,2.55,137300
PAX,20020819,2.56,2.70,2.45,2.65,194800
PAX,20020820,2.60,2.72,2.51,2.56,64300
PAX,20020821,2.68,2.90,2.50,2.90,52900
PAX,20020822,3.15,3.39,2.90,3.10,108500
PAX,20020823,3.10,3.18,2.90,2.90,112500
PAX,20020826,3.15,3.15,2.90,3.04,39000
PAX,20020827,3.06,3.20,3.05,3.05,80700
PAX,20020828,3.00,3.05,2.90,2.95,53700
PAX,20020829,3.00,3.10,2.75,2.75,49400
PAX,20020830,2.80,2.89,2.75,2.85,42100
PAX,20020903,2.84,2.92,2.74,2.76,40900
PAX,20020904,2.75,2.90,2.61,2.88,39000
PAX,20020905,2.90,2.94,2.70,2.70,26300
PAX,20020906,2.82,2.95,2.67,2.95,84200
PAX,20020909,2.98,3.40,2.98,3.39,342400
PAX,20020910,3.41,3.63,3.40,3.57,230300
PAX,20020911,3.58,3.58,3.13,3.22,54100
PAX,20020912,3.22,3.22,2.90,2.99,195600
PAX,20020913,2.98,2.98,2.90,2.95,92600
PAX,20020916,2.95,2.95,2.80,2.90,67400
PAX,20020917,2.85,2.88,2.60,2.60,109300
PAX,20020918,2.67,2.89,2.63,2.63,40600
PAX,20020919,2.61,2.61,2.39,2.55,65300
PAX,20020920,2.75,2.75,2.50,2.67,113800
PAX,20020923,2.65,2.74,2.40,2.46,386300
PAX,20020924,2.34,2.44,2.10,2.27,152100
PAX,20020925,2.37,2.50,2.30,2.49,83800
PAX,20020926,2.50,2.64,2.42,2.59,104700
PAX,20020927,2.55,2.70,2.40,2.41,54600
PAX,20020930,2.49,2.49,2.16,2.20,214300
PAX,20021001,2.45,2.49,2.30,2.48,81300
PAX,20021002,2.50,2.64,2.35,2.50,154300
PAX,20021003,2.45,2.61,2.45,2.61,46700
PAX,20021004,2.57,2.74,2.35,2.39,54000
PAX,20021007,2.49,2.54,2.35,2.40,67400
PAX,20021008,2.39,2.61,2.39,2.49,64800
PAX,20021009,2.52,2.58,2.40,2.50,125000
PAX,20021010,2.40,2.50,2.40,2.50,54400
PAX,20021011,2.50,2.75,2.45,2.75,39500
PAX,20021014,2.78,2.79,2.68,2.79,19400
PAX,20021015,2.84,2.85,2.60,2.79,74600
PAX,20021016,2.79,2.79,2.40,2.62,73300
PAX,20021017,2.52,2.85,2.52,2.80,96900
PAX,20021018,2.85,2.90,2.73,2.89,19900
PAX,20021021,2.89,2.89,2.65,2.65,26500
PAX,20021022,2.66,2.98,2.66,2.79,36100
PAX,20021023,2.80,2.96,2.56,2.96,39600
PAX,20021024,2.95,2.95,2.75,2.79,18900
PAX,20021025,2.79,2.85,2.57,2.85,42600
PAX,20021028,2.90,2.90,2.62,2.62,25800
PAX,20021029,2.71,2.71,2.46,2.67,43700
PAX,20021030,2.75,2.75,2.45,2.56,72400
PAX,20021031,2.65,2.68,2.48,2.63,24400
PAX,20021101,2.50,2.50,2.43,2.50,76000
